time=250.000000
u1[0] u1[1] u2[0] u2[1]n1.381786e-01 0.000000e+00 0.000000e+00 0.000000e+00 
1.381786e-01 4.785495e-12 0.000000e+00 -7.331053e-13 
1.381787e-01 9.574382e-12 0.000000e+00 -1.448817e-12 
1.381790e-01 1.436323e-11 0.000000e+00 -2.158017e-12 
1.381794e-01 1.915133e-11 0.000000e+00 -2.864279e-12 
1.381799e-01 2.393826e-11 0.000000e+00 -3.569138e-12 
1.381805e-01 2.872368e-11 0.000000e+00 -4.273394e-12 
1.381812e-01 3.350730e-11 0.000000e+00 -4.977498e-12 
1.381820e-01 3.828886e-11 0.000000e+00 -5.681713e-12 
1.381830e-01 4.306810e-11 0.000000e+00 -6.386192e-12 
1.381840e-01 4.784477e-11 0.000000e+00 -7.091022e-12 
1.381852e-01 5.261860e-11 0.000000e+00 -7.796249e-12 
1.381865e-01 5.738934e-11 0.000000e+00 -8.501894e-12 
1.381879e-01 6.215672e-11 0.000000e+00 -9.207961e-12 
1.381893e-01 6.692048e-11 0.000000e+00 -9.914446e-12 
1.381910e-01 7.168034e-11 0.000000e+00 -1.062134e-11 
1.381927e-01 7.643601e-11 0.000000e+00 -1.132863e-11 
1.381945e-01 8.118722e-11 0.000000e+00 -1.203631e-11 
1.381964e-01 8.593367e-11 0.000000e+00 -1.274436e-11 
1.381985e-01 9.067508e-11 0.000000e+00 -1.345277e-11 
1.382006e-01 9.541113e-11 0.000000e+00 -1.416154e-11 
1.382029e-01 1.001415e-10 0.000000e+00 -1.487066e-11 
1.382053e-01 1.048660e-10 0.000000e+00 -1.558013e-11 
1.382078e-01 1.095841e-10 0.000000e+00 -1.628995e-11 
1.382103e-01 1.142957e-10 0.000000e+00 -1.700012e-11 
1.382130e-01 1.190004e-10 0.000000e+00 -1.771063e-11 
1.382159e-01 1.236979e-10 0.000000e+00 -1.842151e-11 
1.382188e-01 1.283878e-10 0.000000e+00 -1.913275e-11 
1.382218e-01 1.330699e-10 0.000000e+00 -1.984437e-11 
1.382249e-01 1.377438e-10 0.000000e+00 -2.055637e-11 
1.382282e-01 1.424092e-10 0.000000e+00 -2.126878e-11 
1.382315e-01 1.470657e-10 0.000000e+00 -2.198161e-11 
1.382350e-01 1.517130e-10 0.000000e+00 -2.269487e-11 
1.382386e-01 1.563508e-10 0.000000e+00 -2.340858e-11 
1.382422e-01 1.609788e-10 0.000000e+00 -2.412277e-11 
1.382460e-01 1.655966e-10 0.000000e+00 -2.483745e-11 
1.382499e-01 1.702039e-10 0.000000e+00 -2.555265e-11 
1.382539e-01 1.748003e-10 0.000000e+00 -2.626839e-11 
1.382580e-01 1.793855e-10 0.000000e+00 -2.698469e-11 
1.382622e-01 1.839591e-10 0.000000e+00 -2.770158e-11 
1.382665e-01 1.885209e-10 0.000000e+00 -2.841910e-11 
1.382709e-01 1.930704e-10 0.000000e+00 -2.913725e-11 
1.382754e-01 1.976074e-10 0.000000e+00 -2.985608e-11 
1.382800e-01 2.021314e-10 0.000000e+00 -3.057562e-11 
1.382847e-01 2.066422e-10 0.000000e+00 -3.129589e-11 
1.382896e-01 2.111393e-10 0.000000e+00 -3.201693e-11 
1.382945e-01 2.156225e-10 0.000000e+00 -3.273877e-11 
1.382995e-01 2.200914e-10 0.000000e+00 -3.346143e-11 
1.383046e-01 2.245456e-10 0.000000e+00 -3.418497e-11 
1.383099e-01 2.289848e-10 0.000000e+00 -3.490940e-11 
1.383152e-01 2.334086e-10 0.000000e+00 -3.563478e-11 
1.383206e-01 2.378167e-10 0.000000e+00 -3.636112e-11 
1.383262e-01 2.422088e-10 0.000000e+00 -3.708848e-11 
1.383318e-01 2.465844e-10 0.000000e+00 -3.781689e-11 
1.383375e-01 2.509433e-10 0.000000e+00 -3.854638e-11 
1.383434e-01 2.552850e-10 0.000000e+00 -3.927700e-11 
1.383493e-01 2.596093e-10 0.000000e+00 -4.000879e-11 
1.383553e-01 2.639157e-10 0.000000e+00 -4.074178e-11 
1.383615e-01 2.682039e-10 0.000000e+00 -4.147603e-11 
1.383677e-01 2.724736e-10 0.000000e+00 -4.221157e-11 
1.383740e-01 2.767243e-10 0.000000e+00 -4.294844e-11 
1.383804e-01 2.809559e-10 0.000000e+00 -4.368670e-11 
1.383870e-01 2.851677e-10 0.000000e+00 -4.442638e-11 
1.383936e-01 2.893597e-10 0.000000e+00 -4.516753e-11 
1.384003e-01 2.935312e-10 0.000000e+00 -4.591020e-11 
1.384071e-01 2.976821e-10 0.000000e+00 -4.665444e-11 
1.384140e-01 3.018119e-10 0.000000e+00 -4.740028e-11 
1.384210e-01 3.059203e-10 0.000000e+00 -4.814779e-11 
1.384280e-01 3.100069e-10 0.000000e+00 -4.889700e-11 
1.384352e-01 3.140714e-10 0.000000e+00 -4.964798e-11 
1.384425e-01 3.181133e-10 0.000000e+00 -5.040076e-11 
1.384498e-01 3.221324e-10 0.000000e+00 -5.115541e-11 
1.384573e-01 3.261283e-10 0.000000e+00 -5.191197e-11 
1.384648e-01 3.301005e-10 0.000000e+00 -5.267049e-11 
1.384724e-01 3.340488e-10 0.000000e+00 -5.343103e-11 
1.384802e-01 3.379728e-10 0.000000e+00 -5.419364e-11 
1.384880e-01 3.418721e-10 0.000000e+00 -5.495838e-11 
1.384958e-01 3.457462e-10 0.000000e+00 -5.572530e-11 
1.385038e-01 3.495950e-10 0.000000e+00 -5.649445e-11 
1.385119e-01 3.534179e-10 0.000000e+00 -5.726589e-11 
1.385200e-01 3.572147e-10 0.000000e+00 -5.803969e-11 
1.385283e-01 3.609849e-10 0.000000e+00 -5.881588e-11 
1.385366e-01 3.647282e-10 0.000000e+00 -5.959454e-11 
1.385450e-01 3.684442e-10 0.000000e+00 -6.037572e-11 
1.385535e-01 3.721325e-10 0.000000e+00 -6.115948e-11 
1.385620e-01 3.757928e-10 0.000000e+00 -6.194587e-11 
1.385707e-01 3.794246e-10 0.000000e+00 -6.273496e-11 
1.385794e-01 3.830276e-10 0.000000e+00 -6.352680e-11 
1.385882e-01 3.866015e-10 0.000000e+00 -6.432145e-11 
1.385971e-01 3.901458e-10 0.000000e+00 -6.511898e-11 
1.386061e-01 3.936601e-10 0.000000e+00 -6.591943e-11 
1.386152e-01 3.971442e-10 0.000000e+00 -6.672288e-11 
1.386243e-01 4.005975e-10 0.000000e+00 -6.752939e-11 
1.386335e-01 4.040197e-10 0.000000e+00 -6.833900e-11 
1.386428e-01 4.074104e-10 0.000000e+00 -6.915179e-11 
1.386521e-01 4.107693e-10 0.000000e+00 -6.996780e-11 
1.386615e-01 4.140959e-10 0.000000e+00 -7.078712e-11 
1.386711e-01 4.173899e-10 0.000000e+00 -7.160978e-11 
1.386806e-01 4.206508e-10 0.000000e+00 -7.243585e-11 
1.386903e-01 4.238784e-10 0.000000e+00 -7.326539e-11 
1.387000e-01 4.270720e-10 0.000000e+00 -7.409847e-11 
1.387098e-01 4.302315e-10 0.000000e+00 -7.493513e-11 
1.387196e-01 4.333564e-10 0.000000e+00 -7.577544e-11 
1.387296e-01 4.364462e-10 0.000000e+00 -7.661945e-11 
1.387396e-01 4.395007e-10 0.000000e+00 -7.746723e-11 
1.387496e-01 4.425193e-10 0.000000e+00 -7.831882e-11 
1.387598e-01 4.455017e-10 0.000000e+00 -7.917429e-11 
1.387700e-01 4.484475e-10 0.000000e+00 -8.003369e-11 
1.387802e-01 4.513563e-10 0.000000e+00 -8.089707e-11 
1.387906e-01 4.542276e-10 0.000000e+00 -8.176448e-11 
1.388010e-01 4.570612e-10 0.000000e+00 -8.263599e-11 
1.388114e-01 4.598565e-10 0.000000e+00 -8.351164e-11 
1.388219e-01 4.626131e-10 0.000000e+00 -8.439147e-11 
1.388325e-01 4.653307e-10 0.000000e+00 -8.527555e-11 
1.388431e-01 4.680088e-10 0.000000e+00 -8.616391e-11 
1.388538e-01 4.706470e-10 0.000000e+00 -8.705660e-11 
1.388646e-01 4.732449e-10 0.000000e+00 -8.795367e-11 
1.388754e-01 4.758021e-10 0.000000e+00 -8.885516e-11 
1.388863e-01 4.783181e-10 0.000000e+00 -8.976111e-11 
1.388972e-01 4.807926e-10 0.000000e+00 -9.067155e-11 
1.389082e-01 4.832252e-10 0.000000e+00 -9.158654e-11 
1.389192e-01 4.856153e-10 0.000000e+00 -9.250609e-11 
1.389303e-01 4.879626e-10 0.000000e+00 -9.343025e-11 
1.389414e-01 4.902666e-10 0.000000e+00 -9.435904e-11 
1.389526e-01 4.925270e-10 0.000000e+00 -9.529249e-11 
1.389638e-01 4.947433e-10 0.000000e+00 -9.623063e-11 
1.389751e-01 4.969150e-10 0.000000e+00 -9.717348e-11 
1.389865e-01 4.990419e-10 0.000000e+00 -9.812107e-11 
1.389978e-01 5.011233e-10 0.000000e+00 -9.907340e-11 
1.390093e-01 5.031589e-10 0.000000e+00 -1.000305e-10 
1.390207e-01 5.051483e-10 0.000000e+00 -1.009923e-10 
1.390323e-01 5.070910e-10 0.000000e+00 -1.019590e-10 
1.390438e-01 5.089866e-10 0.000000e+00 -1.029304e-10 
1.390554e-01 5.108346e-10 0.000000e+00 -1.039066e-10 
1.390670e-01 5.126347e-10 0.000000e+00 -1.048876e-10 
1.390787e-01 5.143864e-10 0.000000e+00 -1.058734e-10 
1.390904e-01 5.160892e-10 0.000000e+00 -1.068639e-10 
1.391022e-01 5.177428e-10 0.000000e+00 -1.078592e-10 
1.391140e-01 5.193467e-10 0.000000e+00 -1.088592e-10 
1.391258e-01 5.209004e-10 0.000000e+00 -1.098639e-10 
1.391377e-01 5.224036e-10 0.000000e+00 -1.108733e-10 
1.391496e-01 5.238557e-10 0.000000e+00 -1.118873e-10 
1.391615e-01 5.252565e-10 0.000000e+00 -1.129059e-10 
1.391735e-01 5.266053e-10 0.000000e+00 -1.139291e-10 
1.391855e-01 5.279019e-10 0.000000e+00 -1.149568e-10 
1.391975e-01 5.291457e-10 0.000000e+00 -1.159889e-10 
1.392095e-01 5.303364e-10 0.000000e+00 -1.170255e-10 
1.392216e-01 5.314735e-10 0.000000e+00 -1.180664e-10 
1.392337e-01 5.325565e-10 0.000000e+00 -1.191115e-10 
1.392458e-01 5.335852e-10 0.000000e+00 -1.201608e-10 
1.392580e-01 5.345589e-10 0.000000e+00 -1.212142e-10 
1.392702e-01 5.354774e-10 0.000000e+00 -1.222717e-10 
1.392824e-01 5.363402e-10 0.000000e+00 -1.233330e-10 
1.392946e-01 5.371468e-10 0.000000e+00 -1.243981e-10 
1.393068e-01 5.378970e-10 0.000000e+00 -1.254670e-10 
1.393191e-01 5.385901e-10 0.000000e+00 -1.265394e-10 
1.393313e-01 5.392259e-10 0.000000e+00 -1.276153e-10 
1.393436e-01 5.398040e-10 0.000000e+00 -1.286945e-10 
1.393559e-01 5.403239e-10 0.000000e+00 -1.297769e-10 
1.393682e-01 5.407852e-10 0.000000e+00 -1.308623e-10 
1.393806e-01 5.411876e-10 0.000000e+00 -1.319506e-10 
1.393929e-01 5.415307e-10 0.000000e+00 -1.330417e-10 
1.394052e-01 5.418140e-10 0.000000e+00 -1.341352e-10 
1.394176e-01 5.420372e-10 0.000000e+00 -1.352312e-10 
1.394300e-01 5.421999e-10 0.000000e+00 -1.363294e-10 
1.394423e-01 5.423018e-10 0.000000e+00 -1.374295e-10 
1.394547e-01 5.423424e-10 0.000000e+00 -1.385314e-10 
1.394671e-01 5.423215e-10 0.000000e+00 -1.396349e-10 
1.394795e-01 5.422387e-10 0.000000e+00 -1.407398e-10 
1.394918e-01 5.420936e-10 0.000000e+00 -1.418458e-10 
1.395042e-01 5.418858e-10 0.000000e+00 -1.429526e-10 
1.395166e-01 5.416152e-10 0.000000e+00 -1.440601e-10 
1.395290e-01 5.412813e-10 0.000000e+00 -1.451680e-10 
1.395414e-01 5.408838e-10 0.000000e+00 -1.462759e-10 
1.395537e-01 5.404224e-10 0.000000e+00 -1.473837e-10 
1.395661e-01 5.398969e-10 0.000000e+00 -1.484910e-10 
1.395784e-01 5.393069e-10 0.000000e+00 -1.495976e-10 
1.395908e-01 5.386522e-10 0.000000e+00 -1.507031e-10 
1.396031e-01 5.379325e-10 0.000000e+00 -1.518072e-10 
1.396155e-01 5.371475e-10 0.000000e+00 -1.529096e-10 
1.396278e-01 5.362970e-10 0.000000e+00 -1.540099e-10 
1.396401e-01 5.353808e-10 0.000000e+00 -1.551079e-10 
1.396524e-01 5.343987e-10 0.000000e+00 -1.562031e-10 
1.396646e-01 5.333503e-10 0.000000e+00 -1.572951e-10 
1.396769e-01 5.322356e-10 0.000000e+00 -1.583837e-10 
1.396891e-01 5.310544e-10 0.000000e+00 -1.594684e-10 
1.397013e-01 5.298065e-10 0.000000e+00 -1.605488e-10 
1.397135e-01 5.284916e-10 0.000000e+00 -1.616244e-10 
1.397257e-01 5.271098e-10 0.000000e+00 -1.626950e-10 
1.397378e-01 5.256608e-10 0.000000e+00 -1.637600e-10 
1.397499e-01 5.241446e-10 0.000000e+00 -1.648191e-10 
1.397620e-01 5.225611e-10 0.000000e+00 -1.658717e-10 
1.397741e-01 5.209101e-10 0.000000e+00 -1.669174e-10 
1.397861e-01 5.191917e-10 0.000000e+00 -1.679557e-10 
1.397981e-01 5.174058e-10 0.000000e+00 -1.689862e-10 
1.398101e-01 5.155523e-10 0.000000e+00 -1.700083e-10 
1.398220e-01 5.136312e-10 0.000000e+00 -1.710216e-10 
1.398339e-01 5.116426e-10 0.000000e+00 -1.720256e-10 
1.398458e-01 5.095866e-10 0.000000e+00 -1.730197e-10 
1.398576e-01 5.074630e-10 0.000000e+00 -1.740034e-10 
1.398694e-01 5.052721e-10 0.000000e+00 -1.749762e-10 
1.398811e-01 5.030139e-10 0.000000e+00 -1.759375e-10 
1.398928e-01 5.006886e-10 0.000000e+00 -1.768867e-10 
1.399045e-01 4.982962e-10 0.000000e+00 -1.778234e-10 
1.399161e-01 4.958370e-10 0.000000e+00 -1.787469e-10 
1.399277e-01 4.933110e-10 0.000000e+00 -1.796567e-10 
1.399392e-01 4.907186e-10 0.000000e+00 -1.805521e-10 
1.399507e-01 4.880599e-10 0.000000e+00 -1.814326e-10 
1.399621e-01 4.853353e-10 0.000000e+00 -1.822976e-10 
1.399735e-01 4.825449e-10 0.000000e+00 -1.831464e-10 
1.399848e-01 4.796891e-10 0.000000e+00 -1.839785e-10 
1.399960e-01 4.767682e-10 0.000000e+00 -1.847932e-10 
1.400072e-01 4.737826e-10 0.000000e+00 -1.855899e-10 
1.400184e-01 4.707327e-10 0.000000e+00 -1.863679e-10 
1.400295e-01 4.676188e-10 0.000000e+00 -1.871267e-10 
1.400405e-01 4.644415e-10 0.000000e+00 -1.878655e-10 
1.400514e-01 4.612011e-10 0.000000e+00 -1.885838e-10 
1.400623e-01 4.578982e-10 0.000000e+00 -1.892808e-10 
1.400732e-01 4.545333e-10 0.000000e+00 -1.899559e-10 
1.400839e-01 4.511069e-10 0.000000e+00 -1.906086e-10 
1.400946e-01 4.476196e-10 0.000000e+00 -1.912380e-10 
1.401053e-01 4.440721e-10 0.000000e+00 -1.918435e-10 
1.401158e-01 4.404650e-10 0.000000e+00 -1.924245e-10 
1.401263e-01 4.367989e-10 0.000000e+00 -1.929803e-10 
1.401367e-01 4.330746e-10 0.000000e+00 -1.935102e-10 
1.401470e-01 4.292927e-10 0.000000e+00 -1.940136e-10 
1.401573e-01 4.254541e-10 0.000000e+00 -1.944898e-10 
1.401675e-01 4.215595e-10 0.000000e+00 -1.949381e-10 
1.401776e-01 4.176098e-10 0.000000e+00 -1.953579e-10 
1.401876e-01 4.136059e-10 0.000000e+00 -1.957485e-10 
1.401975e-01 4.095485e-10 0.000000e+00 -1.961093e-10 
1.402074e-01 4.054387e-10 0.000000e+00 -1.964396e-10 
1.402171e-01 4.012774e-10 0.000000e+00 -1.967387e-10 
1.402268e-01 3.970655e-10 0.000000e+00 -1.970060e-10 
1.402364e-01 3.928041e-10 0.000000e+00 -1.972409e-10 
1.402459e-01 3.884943e-10 0.000000e+00 -1.974428e-10 
1.402553e-01 3.841371e-10 0.000000e+00 -1.976110e-10 
1.402646e-01 3.797337e-10 0.000000e+00 -1.977448e-10 
1.402738e-01 3.752852e-10 0.000000e+00 -1.978438e-10 
1.402829e-01 3.707927e-10 0.000000e+00 -1.979073e-10 
1.402919e-01 3.662575e-10 0.000000e+00 -1.979346e-10 
1.403008e-01 3.616808e-10 0.000000e+00 -1.979254e-10 
1.403096e-01 3.570639e-10 0.000000e+00 -1.978788e-10 
1.403183e-01 3.524082e-10 0.000000e+00 -1.977946e-10 
1.403269e-01 3.477148e-10 0.000000e+00 -1.976720e-10 
1.403354e-01 3.429853e-10 0.000000e+00 -1.975105e-10 
1.403438e-01 3.382210e-10 0.000000e+00 -1.973097e-10 
1.403521e-01 3.334233e-10 0.000000e+00 -1.970691e-10 
1.403602e-01 3.285937e-10 0.000000e+00 -1.967882e-10 
1.403683e-01 3.237337e-10 0.000000e+00 -1.964665e-10 
1.403762e-01 3.188448e-10 0.000000e+00 -1.961036e-10 
1.403841e-01 3.139286e-10 0.000000e+00 -1.956991e-10 
1.403918e-01 3.089865e-10 0.000000e+00 -1.952525e-10 
1.403993e-01 3.040202e-10 0.000000e+00 -1.947635e-10 
1.404068e-01 2.990314e-10 0.000000e+00 -1.942318e-10 
1.404141e-01 2.940217e-10 0.000000e+00 -1.936569e-10 
1.404214e-01 2.889927e-10 0.000000e+00 -1.930387e-10 
1.404285e-01 2.839462e-10 0.000000e+00 -1.923767e-10 
1.404354e-01 2.788839e-10 0.000000e+00 -1.916708e-10 
1.404423e-01 2.738075e-10 0.000000e+00 -1.909206e-10 
1.404490e-01 2.687189e-10 0.000000e+00 -1.901261e-10 
1.404555e-01 2.636197e-10 0.000000e+00 -1.892869e-10 
1.404620e-01 2.585118e-10 0.000000e+00 -1.884030e-10 
1.404683e-01 2.533971e-10 0.000000e+00 -1.874742e-10 
1.404744e-01 2.482774e-10 0.000000e+00 -1.865004e-10 
1.404804e-01 2.431545e-10 0.000000e+00 -1.854816e-10 
1.404863e-01 2.380303e-10 0.000000e+00 -1.844176e-10 
1.404921e-01 2.329068e-10 0.000000e+00 -1.833085e-10 
1.404977e-01 2.277858e-10 0.000000e+00 -1.821544e-10 
1.405031e-01 2.226693e-10 0.000000e+00 -1.809552e-10 
1.405084e-01 2.175591e-10 0.000000e+00 -1.797111e-10 
1.405136e-01 2.124573e-10 0.000000e+00 -1.784222e-10 
1.405186e-01 2.073658e-10 0.000000e+00 -1.770886e-10 
1.405234e-01 2.022865e-10 0.000000e+00 -1.757106e-10 
1.405281e-01 1.972215e-10 0.000000e+00 -1.742883e-10 
1.405327e-01 1.921726e-10 0.000000e+00 -1.728220e-10 
1.405371e-01 1.871418e-10 0.000000e+00 -1.713121e-10 
1.405413e-01 1.821312e-10 0.000000e+00 -1.697588e-10 
1.405453e-01 1.771427e-10 0.000000e+00 -1.681625e-10 
1.405492e-01 1.721783e-10 0.000000e+00 -1.665236e-10 
1.405530e-01 1.672399e-10 0.000000e+00 -1.648427e-10 
1.405566e-01 1.623296e-10 0.000000e+00 -1.631200e-10 
1.405600e-01 1.574492e-10 0.000000e+00 -1.613562e-10 
1.405632e-01 1.526007e-10 0.000000e+00 -1.595519e-10 
1.405663e-01 1.477861e-10 0.000000e+00 -1.577076e-10 
1.405692e-01 1.430072e-10 0.000000e+00 -1.558239e-10 
1.405719e-01 1.382661e-10 0.000000e+00 -1.539015e-10 
1.405744e-01 1.335647e-10 0.000000e+00 -1.519412e-10 
1.405768e-01 1.289047e-10 0.000000e+00 -1.499436e-10 
1.405790e-01 1.242881e-10 0.000000e+00 -1.479096e-10 
1.405810e-01 1.197167e-10 0.000000e+00 -1.458399e-10 
1.405828e-01 1.151924e-10 0.000000e+00 -1.437355e-10 
1.405844e-01 1.107169e-10 0.000000e+00 -1.415972e-10 
1.405859e-01 1.062921e-10 0.000000e+00 -1.394260e-10 
1.405871e-01 1.019197e-10 0.000000e+00 -1.372228e-10 
1.405882e-01 9.760140e-11 0.000000e+00 -1.349886e-10 
1.405891e-01 9.333894e-11 0.000000e+00 -1.327245e-10 
1.405898e-01 8.913397e-11 0.000000e+00 -1.304315e-10 
1.405903e-01 8.498812e-11 0.000000e+00 -1.281108e-10 
1.405906e-01 8.090299e-11 0.000000e+00 -1.257634e-10 
1.405907e-01 7.688013e-11 0.000000e+00 -1.233906e-10 
1.405906e-01 7.292108e-11 0.000000e+00 -1.209936e-10 
1.405903e-01 6.902730e-11 0.000000e+00 -1.185736e-10 
1.405898e-01 6.520025e-11 0.000000e+00 -1.161319e-10 
1.405891e-01 6.144131e-11 0.000000e+00 -1.136697e-10 
1.405882e-01 5.775183e-11 0.000000e+00 -1.111885e-10 
1.405870e-01 5.413313e-11 0.000000e+00 -1.086895e-10 
1.405857e-01 5.058646e-11 0.000000e+00 -1.061741e-10 
1.405841e-01 4.711301e-11 0.000000e+00 -1.036438e-10 
1.405824e-01 4.371396e-11 0.000000e+00 -1.011000e-10 
1.405804e-01 4.039040e-11 0.000000e+00 -9.854413e-11 
1.405782e-01 3.714337e-11 0.000000e+00 -9.597769e-11 
1.405758e-01 3.397388e-11 0.000000e+00 -9.340218e-11 
1.405732e-01 3.088286e-11 0.000000e+00 -9.081911e-11 
1.405703e-01 2.787118e-11 0.000000e+00 -8.823003e-11 
1.405672e-01 2.493967e-11 0.000000e+00 -8.563648e-11 
1.405639e-01 2.208909e-11 0.000000e+00 -8.304006e-11 
1.405604e-01 1.932013e-11 0.000000e+00 -8.044233e-11 
1.405566e-01 1.663343e-11 0.000000e+00 -7.784491e-11 
1.405526e-01 1.402956e-11 0.000000e+00 -7.524939e-11 
1.405484e-01 1.150903e-11 0.000000e+00 -7.265740e-11 
1.405439e-01 9.072279e-12 0.000000e+00 -7.007057e-11 
1.405392e-01 6.719683e-12 0.000000e+00 -6.749052e-11 
1.405343e-01 4.451551e-12 0.000000e+00 -6.491890e-11 
1.405291e-01 2.268125e-12 0.000000e+00 -6.235734e-11 
1.405236e-01 1.695792e-13 0.000000e+00 -5.980749e-11 
1.405180e-01 -1.843981e-12 0.000000e+00 -5.727099e-11 
1.405121e-01 -3.772521e-12 0.000000e+00 -5.474947e-11 
1.405059e-01 -5.616073e-12 0.000000e+00 -5.224456e-11 
1.404995e-01 -7.374741e-12 0.000000e+00 -4.975790e-11 
1.404928e-01 -9.048697e-12 0.000000e+00 -4.729109e-11 
1.404859e-01 -1.063818e-11 0.000000e+00 -4.484576e-11 
1.404787e-01 -1.214352e-11 0.000000e+00 -4.242349e-11 
1.404713e-01 -1.356508e-11 0.000000e+00 -4.002587e-11 
1.404636e-01 -1.490332e-11 0.000000e+00 -3.765446e-11 
1.404557e-01 -1.615876e-11 0.000000e+00 -3.531081e-11 
1.404475e-01 -1.733200e-11 0.000000e+00 -3.299645e-11 
1.404390e-01 -1.842370e-11 0.000000e+00 -3.071289e-11 
1.404303e-01 -1.943458e-11 0.000000e+00 -2.846161e-11 
1.404213e-01 -2.036544e-11 0.000000e+00 -2.624406e-11 
1.404120e-01 -2.121716e-11 0.000000e+00 -2.406169e-11 
1.404025e-01 -2.199066e-11 0.000000e+00 -2.191590e-11 
1.403927e-01 -2.268693e-11 0.000000e+00 -1.980804e-11 
1.403826e-01 -2.330704e-11 0.000000e+00 -1.773947e-11 
1.403722e-01 -2.385212e-11 0.000000e+00 -1.571149e-11 
1.403616e-01 -2.432336e-11 0.000000e+00 -1.372536e-11 
1.403507e-01 -2.472200e-11 0.000000e+00 -1.178231e-11 
1.403395e-01 -2.504936e-11 0.000000e+00 -9.883542e-12 
1.403280e-01 -2.530681e-11 0.000000e+00 -8.030190e-12 
1.403162e-01 -2.549578e-11 0.000000e+00 -6.223363e-12 
1.403042e-01 -2.561774e-11 0.000000e+00 -4.464123e-12 
1.402918e-01 -2.567424e-11 0.000000e+00 -2.753481e-12 
1.402792e-01 -2.566686e-11 0.000000e+00 -1.092406e-12 
1.402663e-01 -2.559726e-11 0.000000e+00 5.181883e-13 
1.402530e-01 -2.546712e-11 0.000000e+00 2.077434e-12 
1.402395e-01 -2.527818e-11 0.000000e+00 3.584519e-12 
1.402257e-01 -2.503222e-11 0.000000e+00 5.038682e-12 
1.402116e-01 -2.473108e-11 0.000000e+00 6.439218e-12 
1.401972e-01 -2.437661e-11 0.000000e+00 7.785476e-12 
1.401825e-01 -2.397073e-11 0.000000e+00 9.076864e-12 
1.401675e-01 -2.351539e-11 0.000000e+00 1.031285e-11 
1.401521e-01 -2.301255e-11 0.000000e+00 1.149295e-11 
1.401365e-01 -2.246423e-11 0.000000e+00 1.261675e-11 
1.401206e-01 -2.187248e-11 0.000000e+00 1.368390e-11 
1.401043e-01 -2.123935e-11 0.000000e+00 1.469410e-11 
1.400877e-01 -2.056694e-11 0.000000e+00 1.564711e-11 
1.400708e-01 -1.985736e-11 0.000000e+00 1.654278e-11 
1.400536e-01 -1.911275e-11 0.000000e+00 1.738099e-11 
1.400361e-01 -1.833526e-11 0.000000e+00 1.816170e-11 
1.400183e-01 -1.752705e-11 0.000000e+00 1.888492e-11 
1.400001e-01 -1.669029e-11 0.000000e+00 1.955075e-11 
1.399816e-01 -1.582718e-11 0.000000e+00 2.015933e-11 
1.399628e-01 -1.493989e-11 0.000000e+00 2.071088e-11 
1.399437e-01 -1.403063e-11 0.000000e+00 2.120566e-11 
1.399242e-01 -1.310159e-11 0.000000e+00 2.164403e-11 
1.399044e-01 -1.215495e-11 0.000000e+00 2.202639e-11 
1.398843e-01 -1.119290e-11 0.000000e+00 2.235319e-11 
1.398638e-01 -1.021763e-11 0.000000e+00 2.262499e-11 
1.398430e-01 -9.231284e-12 0.000000e+00 2.284236e-11 
1.398218e-01 -8.236029e-12 0.000000e+00 2.300597e-11 
1.398003e-01 -7.233996e-12 0.000000e+00 2.311652e-11 
1.397785e-01 -6.227300e-12 0.000000e+00 2.317481e-11 
1.397563e-01 -5.218037e-12 0.000000e+00 2.318166e-11 
1.397338e-01 -4.208273e-12 0.000000e+00 2.313797e-11 
1.397109e-01 -3.200051e-12 0.000000e+00 2.304469e-11 
1.396877e-01 -2.195381e-12 0.000000e+00 2.290284e-11 
1.396642e-01 -1.196239e-12 0.000000e+00 2.271347e-11 
1.396402e-01 -2.045694e-13 0.000000e+00 2.247770e-11 
1.396159e-01 7.777257e-13 0.000000e+00 2.219670e-11 
1.395913e-01 1.748783e-12 0.000000e+00 2.187170e-11 
1.395663e-01 2.706782e-12 0.000000e+00 2.150396e-11 
1.395410e-01 3.649950e-12 0.000000e+00 2.109480e-11 
1.395153e-01 4.576559e-12 0.000000e+00 2.064558e-11 
1.394892e-01 5.484933e-12 0.000000e+00 2.015771e-11 
1.394627e-01 6.373448e-12 0.000000e+00 1.963264e-11 
1.394359e-01 7.240534e-12 0.000000e+00 1.907185e-11 
1.394087e-01 8.084679e-12 0.000000e+00 1.847687e-11 
1.393812e-01 8.904427e-12 0.000000e+00 1.784926e-11 
1.393533e-01 9.698385e-12 0.000000e+00 1.719062e-11 
1.393250e-01 1.046522e-11 0.000000e+00 1.650256e-11 
1.392963e-01 1.120366e-11 0.000000e+00 1.578676e-11 
1.392672e-01 1.191251e-11 0.000000e+00 1.504488e-11 
1.392378e-01 1.259062e-11 0.000000e+00 1.427864e-11 
1.392080e-01 1.323694e-11 0.000000e+00 1.348975e-11 
1.391778e-01 1.385045e-11 0.000000e+00 1.267997e-11 
1.391472e-01 1.443024e-11 0.000000e+00 1.185106e-11 
1.391162e-01 1.497545e-11 0.000000e+00 1.100479e-11 
1.390848e-01 1.548528e-11 0.000000e+00 1.014295e-11 
1.390531e-01 1.595904e-11 0.000000e+00 9.267333e-12 
1.390209e-01 1.639608e-11 0.000000e+00 8.379744e-12 
1.389884e-01 1.679584e-11 0.000000e+00 7.481986e-12 
1.389555e-01 1.715784e-11 0.000000e+00 6.575865e-12 
1.389221e-01 1.748166e-11 0.000000e+00 5.663183e-12 
1.388884e-01 1.776697e-11 0.000000e+00 4.745737e-12 
1.388543e-01 1.801352e-11 0.000000e+00 3.825318e-12 
1.388197e-01 1.822111e-11 0.000000e+00 2.903705e-12 
1.387848e-01 1.838964e-11 0.000000e+00 1.982665e-12 
1.387494e-01 1.851907e-11 0.000000e+00 1.063948e-12 
1.387137e-01 1.860946e-11 0.000000e+00 1.492851e-13 
1.386775e-01 1.866091e-11 0.000000e+00 -7.596120e-13 
1.386409e-01 1.867362e-11 0.000000e+00 -1.661057e-12 
1.386039e-01 1.864786e-11 0.000000e+00 -2.553389e-12 
1.385665e-01 1.858395e-11 0.000000e+00 -3.434978e-12 
1.385287e-01 1.848231e-11 0.000000e+00 -4.304222e-12 
1.384904e-01 1.834342e-11 0.000000e+00 -5.159558e-12 
1.384518e-01 1.816781e-11 0.000000e+00 -5.999455e-12 
1.384127e-01 1.795612e-11 0.000000e+00 -6.822423e-12 
1.383732e-01 1.770901e-11 0.000000e+00 -7.627012e-12 
1.383332e-01 1.742724e-11 0.000000e+00 -8.411817e-12 
1.382928e-01 1.711161e-11 0.000000e+00 -9.175477e-12 
1.382520e-01 1.676299e-11 0.000000e+00 -9.916679e-12 
1.382108e-01 1.638231e-11 0.000000e+00 -1.063416e-11 
1.381691e-01 1.597055e-11 0.000000e+00 -1.132671e-11 
1.381270e-01 1.552875e-11 0.000000e+00 -1.199317e-11 
1.380845e-01 1.505802e-11 0.000000e+00 -1.263243e-11 
1.380415e-01 1.455948e-11 0.000000e+00 -1.324346e-11 
1.379981e-01 1.403434e-11 0.000000e+00 -1.382525e-11 
1.379543e-01 1.348383e-11 0.000000e+00 -1.437690e-11 
1.379100e-01 1.290924e-11 0.000000e+00 -1.489752e-11 
1.378652e-01 1.231188e-11 0.000000e+00 -1.538632e-11 
1.378200e-01 1.169311e-11 0.000000e+00 -1.584255e-11 
1.377744e-01 1.105434e-11 0.000000e+00 -1.626555e-11 
1.377283e-01 1.039698e-11 0.000000e+00 -1.665470e-11 
1.376817e-01 9.722497e-12 0.000000e+00 -1.700946e-11 
1.376347e-01 9.032373e-12 0.000000e+00 -1.732935e-11 
1.375873e-01 8.328116e-12 0.000000e+00 -1.761397e-11 
1.375393e-01 7.611255e-12 0.000000e+00 -1.786299e-11 
1.374910e-01 6.883337e-12 0.000000e+00 -1.807613e-11 
1.374421e-01 6.145924e-12 0.000000e+00 -1.825318e-11 
1.373928e-01 5.400588e-12 0.000000e+00 -1.839403e-11 
1.373431e-01 4.648912e-12 0.000000e+00 -1.849861e-11 
1.372928e-01 3.892484e-12 0.000000e+00 -1.856692e-11 
1.372421e-01 3.132895e-12 0.000000e+00 -1.859905e-11 
1.371909e-01 2.371735e-12 0.000000e+00 -1.859513e-11 
1.371393e-01 1.610590e-12 0.000000e+00 -1.855538e-11 
1.370872e-01 8.510398e-13 0.000000e+00 -1.848009e-11 
1.370346e-01 9.465539e-14 0.000000e+00 -1.836959e-11 
1.369815e-01 -6.570057e-13 0.000000e+00 -1.822430e-11 
1.369280e-01 -1.402402e-12 0.000000e+00 -1.804471e-11 
1.368739e-01 -2.140009e-12 0.000000e+00 -1.783135e-11 
1.368194e-01 -2.868325e-12 0.000000e+00 -1.758482e-11 
1.367644e-01 -3.585873e-12 0.000000e+00 -1.730579e-11 
1.367090e-01 -4.291202e-12 0.000000e+00 -1.699499e-11 
1.366530e-01 -4.982891e-12 0.000000e+00 -1.665321e-11 
1.365965e-01 -5.659553e-12 0.000000e+00 -1.628128e-11 
1.365396e-01 -6.319835e-12 0.000000e+00 -1.588009e-11 
1.364821e-01 -6.962422e-12 0.000000e+00 -1.545061e-11 
1.364242e-01 -7.586039e-12 0.000000e+00 -1.499382e-11 
1.363658e-01 -8.189454e-12 0.000000e+00 -1.451078e-11 
1.363068e-01 -8.771481e-12 0.000000e+00 -1.400259e-11 
1.362474e-01 -9.330978e-12 0.000000e+00 -1.347038e-11 
1.361875e-01 -9.866856e-12 0.000000e+00 -1.291534e-11 
1.361271e-01 -1.037808e-11 0.000000e+00 -1.233870e-11 
1.360661e-01 -1.086365e-11 0.000000e+00 -1.174171e-11 
1.360047e-01 -1.132265e-11 0.000000e+00 -1.112568e-11 
1.359427e-01 -1.175420e-11 0.000000e+00 -1.049193e-11 
1.358803e-01 -1.215748e-11 0.000000e+00 -9.841833e-12 
1.358173e-01 -1.253174e-11 0.000000e+00 -9.176765e-12 
1.357538e-01 -1.287629e-11 0.000000e+00 -8.498142e-12 
1.356898e-01 -1.319048e-11 0.000000e+00 -7.807398e-12 
1.356253e-01 -1.347376e-11 0.000000e+00 -7.105987e-12 
1.355602e-01 -1.372561e-11 0.000000e+00 -6.395380e-12 
1.354947e-01 -1.394560e-11 0.000000e+00 -5.677057e-12 
1.354286e-01 -1.413335e-11 0.000000e+00 -4.952514e-12 
1.353620e-01 -1.428856e-11 0.000000e+00 -4.223252e-12 
1.352949e-01 -1.441099e-11 0.000000e+00 -3.490775e-12 
1.352272e-01 -1.450046e-11 0.000000e+00 -2.756592e-12 
1.351591e-01 -1.455687e-11 0.000000e+00 -2.022209e-12 
1.350904e-01 -1.458019e-11 0.000000e+00 -1.289127e-12 
1.350211e-01 -1.457043e-11 0.000000e+00 -5.588423e-13 
1.349513e-01 -1.452771e-11 0.000000e+00 1.671610e-13 
1.348810e-01 -1.445219e-11 0.000000e+00 8.874103e-13 
1.348102e-01 -1.434409e-11 0.000000e+00 1.600449e-12 
1.347388e-01 -1.420371e-11 0.000000e+00 2.304840e-12 
1.346669e-01 -1.403142e-11 0.000000e+00 2.999166e-12 
1.345944e-01 -1.382764e-11 0.000000e+00 3.682033e-12 
1.345214e-01 -1.359287e-11 0.000000e+00 4.352077e-12 
1.344479e-01 -1.332765e-11 0.000000e+00 5.007961e-12 
1.343738e-01 -1.303259e-11 0.000000e+00 5.648379e-12 
1.342991e-01 -1.270838e-11 0.000000e+00 6.272062e-12 
1.342239e-01 -1.235573e-11 0.000000e+00 6.877775e-12 
1.341482e-01 -1.197544e-11 0.000000e+00 7.464324e-12 
1.340719e-01 -1.156834e-11 0.000000e+00 8.030556e-12 
1.339950e-01 -1.113534e-11 0.000000e+00 8.575362e-12 
1.339176e-01 -1.067737e-11 0.000000e+00 9.097677e-12 
1.338396e-01 -1.019544e-11 0.000000e+00 9.596487e-12 
1.337611e-01 -9.690574e-12 0.000000e+00 1.007082e-11 
1.336820e-01 -9.163870e-12 0.000000e+00 1.051977e-11 
1.336024e-01 -8.616452e-12 0.000000e+00 1.094247e-11 
1.335221e-01 -8.049489e-12 0.000000e+00 1.133812e-11 
1.334414e-01 -7.464187e-12 0.000000e+00 1.170596e-11 
1.333600e-01 -6.861786e-12 0.000000e+00 1.204530e-11 
1.332781e-01 -6.243560e-12 0.000000e+00 1.235550e-11 
1.331956e-01 -5.610812e-12 0.000000e+00 1.263600e-11 
1.331125e-01 -4.964872e-12 0.000000e+00 1.288628e-11 
1.330289e-01 -4.307094e-12 0.000000e+00 1.310589e-11 
1.329447e-01 -3.638856e-12 0.000000e+00 1.329443e-11 
1.328599e-01 -2.961550e-12 0.000000e+00 1.345159e-11 
1.327745e-01 -2.276589e-12 0.000000e+00 1.357711e-11 
1.326886e-01 -1.585395e-12 0.000000e+00 1.367079e-11 
1.326020e-01 -8.894026e-13 0.000000e+00 1.373249e-11 
1.325149e-01 -1.900517e-13 0.000000e+00 1.376215e-11 
1.324272e-01 5.112127e-13 0.000000e+00 1.375978e-11 
1.323389e-01 1.212945e-12 0.000000e+00 1.372542e-11 
1.322500e-01 1.913700e-12 0.000000e+00 1.365920e-11 
1.321606e-01 2.612039e-12 0.000000e+00 1.356133e-11 
1.320705e-01 3.306531e-12 0.000000e+00 1.343205e-11 
1.319798e-01 3.995753e-12 0.000000e+00 1.327168e-11 
1.318886e-01 4.678298e-12 0.000000e+00 1.308059e-11 
1.317967e-01 5.352775e-12 0.000000e+00 1.285924e-11 
1.317043e-01 6.017810e-12 0.000000e+00 1.260812e-11 
1.316112e-01 6.672052e-12 0.000000e+00 1.232780e-11 
1.315176e-01 7.314177e-12 0.000000e+00 1.201888e-11 
1.314233e-01 7.942884e-12 0.000000e+00 1.168205e-11 
1.313285e-01 8.556904e-12 0.000000e+00 1.131803e-11 
1.312330e-01 9.155000e-12 0.000000e+00 1.092762e-11 
1.311370e-01 9.735970e-12 0.000000e+00 1.051164e-11 
1.310403e-01 1.029865e-11 0.000000e+00 1.007098e-11 
1.309430e-01 1.084191e-11 0.000000e+00 9.606576e-12 
1.308451e-01 1.136467e-11 0.000000e+00 9.119410e-12 
1.307466e-01 1.186590e-11 0.000000e+00 8.610507e-12 
1.306474e-01 1.234458e-11 0.000000e+00 8.080932e-12 
1.305477e-01 1.279979e-11 0.000000e+00 7.531793e-12 
1.304473e-01 1.323062e-11 0.000000e+00 6.964235e-12 
1.303463e-01 1.363622e-11 0.000000e+00 6.379438e-12 
1.302447e-01 1.401582e-11 0.000000e+00 5.778615e-12 
1.301425e-01 1.436865e-11 0.000000e+00 5.163010e-12 
1.300396e-01 1.469406e-11 0.000000e+00 4.533893e-12 
1.299362e-01 1.499140e-11 0.000000e+00 3.892560e-12 
1.298320e-01 1.526012e-11 0.000000e+00 3.240332e-12 
1.297273e-01 1.549971e-11 0.000000e+00 2.578546e-12 
1.296219e-01 1.570972e-11 0.000000e+00 1.908559e-12 
1.295159e-01 1.588977e-11 0.000000e+00 1.231742e-12 
1.294093e-01 1.603953e-11 0.000000e+00 5.494753e-13 
1.293020e-01 1.615875e-11 0.000000e+00 -1.368488e-13 
1.291941e-01 1.624722e-11 0.000000e+00 -8.258337e-13 
1.290856e-01 1.630482e-11 0.000000e+00 -1.516079e-12 
1.289764e-01 1.633146e-11 0.000000e+00 -2.206185e-12 
1.288665e-01 1.632714e-11 0.000000e+00 -2.894752e-12 
1.287561e-01 1.629192e-11 0.000000e+00 -3.580388e-12 
1.286449e-01 1.622592e-11 0.000000e+00 -4.261709e-12 
1.285332e-01 1.612931e-11 0.000000e+00 -4.937339e-12 
1.284208e-01 1.600234e-11 0.000000e+00 -5.605918e-12 
1.283077e-01 1.584531e-11 0.000000e+00 -6.266101e-12 
1.281940e-01 1.565859e-11 0.000000e+00 -6.916564e-12 
1.280796e-01 1.544260e-11 0.000000e+00 -7.556002e-12 
1.279646e-01 1.519783e-11 0.000000e+00 -8.183134e-12 
1.278489e-01 1.492482e-11 0.000000e+00 -8.796709e-12 
1.277326e-01 1.462417e-11 0.000000e+00 -9.395500e-12 
1.276156e-01 1.429654e-11 0.000000e+00 -9.978316e-12 
1.274980e-01 1.394262e-11 0.000000e+00 -1.054400e-11 
1.273797e-01 1.356319e-11 0.000000e+00 -1.109142e-11 
1.272607e-01 1.315904e-11 0.000000e+00 -1.161950e-11 
1.271410e-01 1.273106e-11 0.000000e+00 -1.212720e-11 
1.270207e-01 1.228013e-11 0.000000e+00 -1.261350e-11 
1.268998e-01 1.180722e-11 0.000000e+00 -1.307746e-11 
1.267781e-01 1.131333e-11 0.000000e+00 -1.351816e-11 
1.266558e-01 1.079948e-11 0.000000e+00 -1.393474e-11 
1.265329e-01 1.026676e-11 0.000000e+00 -1.432638e-11 
1.264092e-01 9.716272e-12 0.000000e+00 -1.469232e-11 
1.262849e-01 9.149175e-12 0.000000e+00 -1.503186e-11 
1.261599e-01 8.566645e-12 0.000000e+00 -1.534432e-11 
1.260342e-01 7.969892e-12 0.000000e+00 -1.562912e-11 
1.259079e-01 7.360152e-12 0.000000e+00 -1.588571e-11 
1.257808e-01 6.738687e-12 0.000000e+00 -1.611359e-11 
1.256531e-01 6.106779e-12 0.000000e+00 -1.631233e-11 
1.255247e-01 5.465732e-12 0.000000e+00 -1.648158e-11 
1.253956e-01 4.816865e-12 0.000000e+00 -1.662100e-11 
1.252659e-01 4.161512e-12 0.000000e+00 -1.673035e-11 
1.251354e-01 3.501017e-12 0.000000e+00 -1.680944e-11 
1.250042e-01 2.836734e-12 0.000000e+00 -1.685813e-11 
1.248724e-01 2.170021e-12 0.000000e+00 -1.687635e-11 
1.247399e-01 1.502243e-12 0.000000e+00 -1.686410e-11 
1.246067e-01 8.347599e-13 0.000000e+00 -1.682142e-11 
1.244728e-01 1.689340e-13 0.000000e+00 -1.674842e-11 
1.243381e-01 -4.938798e-13 0.000000e+00 -1.664528e-11 
1.242028e-01 -1.152334e-12 0.000000e+00 -1.651221e-11 
1.240668e-01 -1.805091e-12 0.000000e+00 -1.634952e-11 
1.239301e-01 -2.450828e-12 0.000000e+00 -1.615755e-11 
1.237927e-01 -3.088235e-12 0.000000e+00 -1.593670e-11 
1.236546e-01 -3.716023e-12 0.000000e+00 -1.568743e-11 
1.235158e-01 -4.332922e-12 0.000000e+00 -1.541027e-11 
1.233763e-01 -4.937687e-12 0.000000e+00 -1.510577e-11 
1.232360e-01 -5.529098e-12 0.000000e+00 -1.477458e-11 
1.230951e-01 -6.105962e-12 0.000000e+00 -1.441736e-11 
1.229535e-01 -6.667119e-12 0.000000e+00 -1.403484e-11 
1.228111e-01 -7.211440e-12 0.000000e+00 -1.362779e-11 
1.226680e-01 -7.737830e-12 0.000000e+00 -1.319704e-11 
1.225243e-01 -8.245233e-12 0.000000e+00 -1.274346e-11 
1.223798e-01 -8.732632e-12 0.000000e+00 -1.226796e-11 
1.222346e-01 -9.199049e-12 0.000000e+00 -1.177149e-11 
1.220886e-01 -9.643550e-12 0.000000e+00 -1.125505e-11 
1.219420e-01 -1.006525e-11 0.000000e+00 -1.071967e-11 
1.217946e-01 -1.046329e-11 0.000000e+00 -1.016641e-11 
1.216465e-01 -1.083690e-11 0.000000e+00 -9.596384e-12 
1.214977e-01 -1.118531e-11 0.000000e+00 -9.010713e-12 
1.213481e-01 -1.150784e-11 0.000000e+00 -8.410562e-12 
1.211979e-01 -1.180384e-11 0.000000e+00 -7.797118e-12 
1.210469e-01 -1.207272e-11 0.000000e+00 -7.171595e-12 
1.208952e-01 -1.231394e-11 0.000000e+00 -6.535225e-12 
1.207427e-01 -1.252702e-11 0.000000e+00 -5.889264e-12 
1.205895e-01 -1.271155e-11 0.000000e+00 -5.234980e-12 
1.204356e-01 -1.286714e-11 0.000000e+00 -4.573659e-12 
1.202809e-01 -1.299348e-11 0.000000e+00 -3.906597e-12 
1.201256e-01 -1.309033e-11 0.000000e+00 -3.235100e-12 
1.199694e-01 -1.315748e-11 0.000000e+00 -2.560481e-12 
1.198126e-01 -1.319480e-11 0.000000e+00 -1.884057e-12 
1.196550e-01 -1.320221e-11 0.000000e+00 -1.207146e-12 
1.194966e-01 -1.317968e-11 0.000000e+00 -5.310652e-13 
1.193375e-01 -1.312726e-11 0.000000e+00 1.428710e-13 
1.191777e-01 -1.304503e-11 0.000000e+00 8.133550e-13 
1.190171e-01 -1.293316e-11 0.000000e+00 1.479088e-12 
1.188558e-01 -1.279185e-11 0.000000e+00 2.138781e-12 
1.186937e-01 -1.262137e-11 0.000000e+00 2.791160e-12 
1.185309e-01 -1.242205e-11 0.000000e+00 3.434966e-12 
1.183674e-01 -1.219425e-11 0.000000e+00 4.068960e-12 
1.182030e-01 -1.193842e-11 0.000000e+00 4.691922e-12 
1.180380e-01 -1.165505e-11 0.000000e+00 5.302655e-12 
1.178722e-01 -1.134466e-11 0.000000e+00 5.899989e-12 
1.177056e-01 -1.100785e-11 0.000000e+00 6.482780e-12 
1.175382e-01 -1.064527e-11 0.000000e+00 7.049914e-12 
1.173701e-01 -1.025759e-11 0.000000e+00 7.600308e-12 
1.172013e-01 -9.845562e-12 0.000000e+00 8.132916e-12 
1.170317e-01 -9.409961e-12 0.000000e+00 8.646722e-12 
1.168613e-01 -8.951614e-12 0.000000e+00 9.140753e-12 
1.166902e-01 -8.471388e-12 0.000000e+00 9.614072e-12 
1.165183e-01 -7.970192e-12 0.000000e+00 1.006578e-11 
1.163456e-01 -7.448973e-12 0.000000e+00 1.049504e-11 
1.161722e-01 -6.908715e-12 0.000000e+00 1.090102e-11 
1.159980e-01 -6.350436e-12 0.000000e+00 1.128297e-11 
1.158230e-01 -5.775188e-12 0.000000e+00 1.164018e-11 
1.156473e-01 -5.184051e-12 0.000000e+00 1.197197e-11 
1.154707e-01 -4.578136e-12 0.000000e+00 1.227772e-11 
1.152935e-01 -3.958580e-12 0.000000e+00 1.255687e-11 
1.151154e-01 -3.326542e-12 0.000000e+00 1.280890e-11 
1.149366e-01 -2.683205e-12 0.000000e+00 1.303334e-11 
1.147570e-01 -2.029769e-12 0.000000e+00 1.322979e-11 
1.145766e-01 -1.367453e-12 0.000000e+00 1.339788e-11 
1.143954e-01 -6.974894e-13 0.000000e+00 1.353730e-11 
1.142135e-01 -2.112349e-14 0.000000e+00 1.364781e-11 
1.140307e-01 6.603899e-13 0.000000e+00 1.372921e-11 
1.138472e-01 1.345789e-12 0.000000e+00 1.378136e-11 
1.136629e-01 2.033805e-12 0.000000e+00 1.380417e-11 
1.134778e-01 2.723169e-12 0.000000e+00 1.379762e-11 
1.132920e-01 3.412612e-12 0.000000e+00 1.376171e-11 
1.131053e-01 4.100864e-12 0.000000e+00 1.369654e-11 
1.129179e-01 4.786663e-12 0.000000e+00 1.360224e-11 
1.127296e-01 5.468753e-12 0.000000e+00 1.347899e-11 
1.125406e-01 6.145887e-12 0.000000e+00 1.332704e-11 
1.123508e-01 6.816829e-12 0.000000e+00 1.314667e-11 
1.121602e-01 7.480359e-12 0.000000e+00 1.293823e-11 
1.119688e-01 8.135271e-12 0.000000e+00 1.270213e-11 
1.117766e-01 8.780378e-12 0.000000e+00 1.243880e-11 
1.115836e-01 9.414516e-12 0.000000e+00 1.214874e-11 
1.113898e-01 1.003654e-11 0.000000e+00 1.183250e-11 
1.111952e-01 1.064533e-11 0.000000e+00 1.149067e-11 
1.109998e-01 1.123980e-11 0.000000e+00 1.112389e-11 
1.108035e-01 1.181888e-11 0.000000e+00 1.073284e-11 
1.106065e-01 1.238154e-11 0.000000e+00 1.031825e-11 
1.104087e-01 1.292678e-11 0.000000e+00 9.880887e-12 
1.102101e-01 1.345364e-11 0.000000e+00 9.421555e-12 
1.100107e-01 1.396118e-11 0.000000e+00 8.941103e-12 
1.098105e-01 1.444851e-11 0.000000e+00 8.440415e-12 
1.096094e-01 1.491479e-11 0.000000e+00 7.920408e-12 
1.094076e-01 1.535919e-11 0.000000e+00 7.382035e-12 
1.092049e-01 1.578094e-11 0.000000e+00 6.826279e-12 
1.090014e-01 1.617933e-11 0.000000e+00 6.254153e-12 
1.087971e-01 1.655366e-11 0.000000e+00 5.666697e-12 
1.085920e-01 1.690329e-11 0.000000e+00 5.064977e-12 
1.083861e-01 1.722764e-11 0.000000e+00 4.450082e-12 
1.081794e-01 1.752616e-11 0.000000e+00 3.823123e-12 
1.079718e-01 1.779835e-11 0.000000e+00 3.185230e-12 
1.077635e-01 1.804378e-11 0.000000e+00 2.537551e-12 
1.075543e-01 1.826203e-11 0.000000e+00 1.881246e-12 
1.073443e-01 1.845276e-11 0.000000e+00 1.217493e-12 
1.071334e-01 1.861568e-11 0.000000e+00 5.474750e-13 
1.069218e-01 1.875054e-11 0.000000e+00 -1.276121e-13 
1.067093e-01 1.885714e-11 0.000000e+00 -8.065683e-13 
1.064960e-01 1.893535e-11 0.000000e+00 -1.488189e-12 
1.062818e-01 1.898507e-11 0.000000e+00 -2.171268e-12 
1.060668e-01 1.900625e-11 0.000000e+00 -2.854600e-12 
1.058510e-01 1.899892e-11 0.000000e+00 -3.536980e-12 
1.056344e-01 1.896312e-11 0.000000e+00 -4.217210e-12 
1.054169e-01 1.889899e-11 0.000000e+00 -4.894098e-12 
1.051987e-01 1.880667e-11 0.000000e+00 -5.566462e-12 
1.049795e-01 1.868638e-11 0.000000e+00 -6.233128e-12 
1.047596e-01 1.853838e-11 0.000000e+00 -6.892939e-12 
1.045388e-01 1.836299e-11 0.000000e+00 -7.544750e-12 
1.043171e-01 1.816056e-11 0.000000e+00 -8.187436e-12 
1.040946e-01 1.793150e-11 0.000000e+00 -8.819888e-12 
1.038713e-01 1.767626e-11 0.000000e+00 -9.441021e-12 
1.036472e-01 1.739534e-11 0.000000e+00 -1.004977e-11 
1.034222e-01 1.708927e-11 0.000000e+00 -1.064510e-11 
1.031963e-01 1.675865e-11 0.000000e+00 -1.122599e-11 
1.029697e-01 1.640409e-11 0.000000e+00 -1.179147e-11 
1.027421e-01 1.602626e-11 0.000000e+00 -1.234057e-11 
1.025137e-01 1.562588e-11 0.000000e+00 -1.287237e-11 
1.022845e-01 1.520367e-11 0.000000e+00 -1.338599e-11 
1.020545e-01 1.476042e-11 0.000000e+00 -1.388056e-11 
1.018235e-01 1.429694e-11 0.000000e+00 -1.435528e-11 
1.015918e-01 1.381408e-11 0.000000e+00 -1.480934e-11 
1.013591e-01 1.331271e-11 0.000000e+00 -1.524201e-11 
1.011257e-01 1.279374e-11 0.000000e+00 -1.565259e-11 
1.008913e-01 1.225811e-11 0.000000e+00 -1.604040e-11 
1.006562e-01 1.170677e-11 0.000000e+00 -1.640483e-11 
1.004201e-01 1.114072e-11 0.000000e+00 -1.674528e-11 
1.001832e-01 1.056096e-11 0.000000e+00 -1.706123e-11 
9.994548e-02 9.968508e-12 0.000000e+00 -1.735217e-11 
9.970687e-02 9.364425e-12 0.000000e+00 -1.761766e-11 
9.946740e-02 8.749768e-12 0.000000e+00 -1.785730e-11 
9.922707e-02 8.125617e-12 0.000000e+00 -1.807071e-11 
9.898588e-02 7.493063e-12 0.000000e+00 -1.825760e-11 
9.874383e-02 6.853207e-12 0.000000e+00 -1.841769e-11 
9.850091e-02 6.207161e-12 0.000000e+00 -1.855076e-11 
9.825713e-02 5.556041e-12 0.000000e+00 -1.865664e-11 
9.801248e-02 4.900970e-12 0.000000e+00 -1.873520e-11 
9.776696e-02 4.243075e-12 0.000000e+00 -1.878637e-11 
9.752058e-02 3.583481e-12 0.000000e+00 -1.881010e-11 
9.727333e-02 2.923314e-12 0.000000e+00 -1.880642e-11 
9.702521e-02 2.263696e-12 0.000000e+00 -1.877539e-11 
9.677622e-02 1.605746e-12 0.000000e+00 -1.871710e-11 
9.652635e-02 9.505727e-13 0.000000e+00 -1.863172e-11 
9.627561e-02 2.992795e-13 0.000000e+00 -1.851943e-11 
9.602400e-02 -3.470423e-13 0.000000e+00 -1.838049e-11 
9.577152e-02 -9.873135e-13 0.000000e+00 -1.821518e-11 
9.551815e-02 -1.620469e-12 0.000000e+00 -1.802382e-11 
9.526392e-02 -2.245460e-12 0.000000e+00 -1.780679e-11 
9.500880e-02 -2.861255e-12 0.000000e+00 -1.756450e-11 
9.475280e-02 -3.466842e-12 0.000000e+00 -1.729740e-11 
9.449593e-02 -4.061230e-12 0.000000e+00 -1.700599e-11 
9.423817e-02 -4.643450e-12 0.000000e+00 -1.669080e-11 
9.397953e-02 -5.212558e-12 0.000000e+00 -1.635240e-11 
9.372001e-02 -5.767635e-12 0.000000e+00 -1.599140e-11 
9.345961e-02 -6.307788e-12 0.000000e+00 -1.560843e-11 
9.319832e-02 -6.832156e-12 0.000000e+00 -1.520417e-11 
9.293615e-02 -7.339903e-12 0.000000e+00 -1.477933e-11 
9.267309e-02 -7.830226e-12 0.000000e+00 -1.433465e-11 
9.240914e-02 -8.302356e-12 0.000000e+00 -1.387090e-11 
9.214430e-02 -8.755555e-12 0.000000e+00 -1.338886e-11 
9.187857e-02 -9.189119e-12 0.000000e+00 -1.288937e-11 
9.161196e-02 -9.602381e-12 0.000000e+00 -1.237328e-11 
9.134445e-02 -9.994709e-12 0.000000e+00 -1.184145e-11 
9.107605e-02 -1.036551e-11 0.000000e+00 -1.129478e-11 
9.080675e-02 -1.071422e-11 0.000000e+00 -1.073419e-11 
9.053656e-02 -1.104033e-11 0.000000e+00 -1.016061e-11 
9.026548e-02 -1.134336e-11 0.000000e+00 -9.574990e-12 
8.999350e-02 -1.162287e-11 0.000000e+00 -8.978296e-12 
8.972063e-02 -1.187846e-11 0.000000e+00 -8.371507e-12 
8.944685e-02 -1.210977e-11 0.000000e+00 -7.755617e-12 
8.917218e-02 -1.231649e-11 0.000000e+00 -7.131627e-12 
8.889660e-02 -1.249834e-11 0.000000e+00 -6.500547e-12 
8.862013e-02 -1.265509e-11 0.000000e+00 -5.863396e-12 
8.834276e-02 -1.278654e-11 0.000000e+00 -5.221196e-12 
8.806448e-02 -1.289254e-11 0.000000e+00 -4.574972e-12 
8.778530e-02 -1.297299e-11 0.000000e+00 -3.925753e-12 
8.750521e-02 -1.302782e-11 0.000000e+00 -3.274565e-12 
8.722422e-02 -1.305700e-11 0.000000e+00 -2.622435e-12 
8.694232e-02 -1.306056e-11 0.000000e+00 -1.970384e-12 
8.665952e-02 -1.303853e-11 0.000000e+00 -1.319429e-12 
8.637581e-02 -1.299104e-11 0.000000e+00 -6.705815e-13 
8.609118e-02 -1.291820e-11 0.000000e+00 -2.484225e-14 
8.580565e-02 -1.282021e-11 0.000000e+00 6.167966e-13 
8.551921e-02 -1.269727e-11 0.000000e+00 1.253355e-12 
8.523186e-02 -1.254964e-11 0.000000e+00 1.883865e-12 
8.494359e-02 -1.237761e-11 0.000000e+00 2.507375e-12 
8.465441e-02 -1.218153e-11 0.000000e+00 3.122948e-12 
8.436432e-02 -1.196174e-11 0.000000e+00 3.729665e-12 
8.407331e-02 -1.171866e-11 0.000000e+00 4.326625e-12 
8.378138e-02 -1.145271e-11 0.000000e+00 4.912949e-12 
8.348854e-02 -1.116438e-11 0.000000e+00 5.487778e-12 
8.319478e-02 -1.085417e-11 0.000000e+00 6.050277e-12 
8.290011e-02 -1.052260e-11 0.000000e+00 6.599633e-12 
8.260451e-02 -1.017025e-11 0.000000e+00 7.135061e-12 
8.230799e-02 -9.797705e-12 0.000000e+00 7.655798e-12 
8.201055e-02 -9.405593e-12 0.000000e+00 8.161113e-12 
8.171219e-02 -8.994562e-12 0.000000e+00 8.650300e-12 
8.141290e-02 -8.565288e-12 0.000000e+00 9.122684e-12 
8.111270e-02 -8.118470e-12 0.000000e+00 9.577618e-12 
8.081156e-02 -7.654831e-12 0.000000e+00 1.001449e-11 
8.050950e-02 -7.175117e-12 0.000000e+00 1.043271e-11 
8.020652e-02 -6.680092e-12 0.000000e+00 1.083174e-11 
7.990261e-02 -6.170541e-12 0.000000e+00 1.121105e-11 
7.959777e-02 -5.647265e-12 0.000000e+00 1.157015e-11 
7.929200e-02 -5.111082e-12 0.000000e+00 1.190861e-11 
7.898530e-02 -4.562824e-12 0.000000e+00 1.222601e-11 
7.867767e-02 -4.003339e-12 0.000000e+00 1.252196e-11 
7.836911e-02 -3.433483e-12 0.000000e+00 1.279611e-11 
7.805962e-02 -2.854124e-12 0.000000e+00 1.304817e-11 
7.774919e-02 -2.266140e-12 0.000000e+00 1.327785e-11 
7.743783e-02 -1.670416e-12 0.000000e+00 1.348492e-11 
7.712554e-02 -1.067840e-12 0.000000e+00 1.366918e-11 
7.681231e-02 -4.593084e-13 0.000000e+00 1.383046e-11 
7.649814e-02 1.542814e-13 0.000000e+00 1.396863e-11 
7.618303e-02 7.720303e-13 0.000000e+00 1.408360e-11 
7.586699e-02 1.393039e-12 0.000000e+00 1.417532e-11 
7.555001e-02 2.016409e-12 0.000000e+00 1.424375e-11 
7.523209e-02 2.641247e-12 0.000000e+00 1.428891e-11 
7.491323e-02 3.266660e-12 0.000000e+00 1.431086e-11 
7.459343e-02 3.891763e-12 0.000000e+00 1.430968e-11 
7.427268e-02 4.515678e-12 0.000000e+00 1.428548e-11 
7.395100e-02 5.137536e-12 0.000000e+00 1.423841e-11 
7.362837e-02 5.756474e-12 0.000000e+00 1.416866e-11 
7.330479e-02 6.371644e-12 0.000000e+00 1.407646e-11 
7.298027e-02 6.982208e-12 0.000000e+00 1.396204e-11 
7.265481e-02 7.587342e-12 0.000000e+00 1.382569e-11 
7.232839e-02 8.186236e-12 0.000000e+00 1.366773e-11 
7.200103e-02 8.778096e-12 0.000000e+00 1.348848e-11 
7.167272e-02 9.362145e-12 0.000000e+00 1.328834e-11 
7.134346e-02 9.937624e-12 0.000000e+00 1.306768e-11 
7.101326e-02 1.050379e-11 0.000000e+00 1.282695e-11 
7.068210e-02 1.105993e-11 0.000000e+00 1.256660e-11 
7.034999e-02 1.160533e-11 0.000000e+00 1.228710e-11 
7.001692e-02 1.213933e-11 0.000000e+00 1.198895e-11 
6.968291e-02 1.266126e-11 0.000000e+00 1.167269e-11 
6.934794e-02 1.317050e-11 0.000000e+00 1.133887e-11 
6.901201e-02 1.366644e-11 0.000000e+00 1.098805e-11 
6.867514e-02 1.414849e-11 0.000000e+00 1.062083e-11 
6.833730e-02 1.461609e-11 0.000000e+00 1.023782e-11 
6.799851e-02 1.506873e-11 0.000000e+00 9.839645e-12 
6.765876e-02 1.550588e-11 0.000000e+00 9.426953e-12 
6.731805e-02 1.592709e-11 0.000000e+00 9.000404e-12 
6.697638e-02 1.633189e-11 0.000000e+00 8.560676e-12 
6.663376e-02 1.671987e-11 0.000000e+00 8.108457e-12 
6.629017e-02 1.709064e-11 0.000000e+00 7.644449e-12 
6.594562e-02 1.744383e-11 0.000000e+00 7.169365e-12 
6.560011e-02 1.777912e-11 0.000000e+00 6.683926e-12 
6.525363e-02 1.809619e-11 0.000000e+00 6.188865e-12 
6.490620e-02 1.839477e-11 0.000000e+00 5.684917e-12 
6.455779e-02 1.867462e-11 0.000000e+00 5.172829e-12 
6.420843e-02 1.893553e-11 0.000000e+00 4.653348e-12 
6.385809e-02 1.917730e-11 0.000000e+00 4.127226e-12 
6.350680e-02 1.939979e-11 0.000000e+00 3.595219e-12 
6.315453e-02 1.960287e-11 0.000000e+00 3.058083e-12 
6.280130e-02 1.978645e-11 0.000000e+00 2.516573e-12 
6.244709e-02 1.995046e-11 0.000000e+00 1.971445e-12 
6.209192e-02 2.009485e-11 0.000000e+00 1.423450e-12 
6.173578e-02 2.021964e-11 0.000000e+00 8.733371e-13 
6.137867e-02 2.032483e-11 0.000000e+00 3.218513e-13 
6.102058e-02 2.041047e-11 0.000000e+00 -2.302695e-13 
6.066152e-02 2.047665e-11 0.000000e+00 -7.822934e-13 
6.030149e-02 2.052347e-11 0.000000e+00 -1.333497e-12 
5.994049e-02 2.055105e-11 0.000000e+00 -1.883165e-12 
5.957851e-02 2.055957e-11 0.000000e+00 -2.430594e-12 
5.921556e-02 2.054920e-11 0.000000e+00 -2.975089e-12 
5.885163e-02 2.052015e-11 0.000000e+00 -3.515969e-12 
5.848673e-02 2.047267e-11 0.000000e+00 -4.052564e-12 
5.812085e-02 2.040699e-11 0.000000e+00 -4.584219e-12 
5.775399e-02 2.032342e-11 0.000000e+00 -5.110294e-12 
5.738615e-02 2.022226e-11 0.000000e+00 -5.630164e-12 
5.701733e-02 2.010382e-11 0.000000e+00 -6.143220e-12 
5.664753e-02 1.996846e-11 0.000000e+00 -6.648869e-12 
5.627676e-02 1.981655e-11 0.000000e+00 -7.146539e-12 
5.590500e-02 1.964848e-11 0.000000e+00 -7.635672e-12 
5.553226e-02 1.946465e-11 0.000000e+00 -8.115733e-12 
5.515853e-02 1.926548e-11 0.000000e+00 -8.586206e-12 
5.478383e-02 1.905142e-11 0.000000e+00 -9.046592e-12 
5.440814e-02 1.882292e-11 0.000000e+00 -9.496416e-12 
5.403146e-02 1.858046e-11 0.000000e+00 -9.935225e-12 
5.365380e-02 1.832452e-11 0.000000e+00 -1.036258e-11 
5.327516e-02 1.805560e-11 0.000000e+00 -1.077809e-11 
5.289552e-02 1.777421e-11 0.000000e+00 -1.118134e-11 
5.251490e-02 1.748088e-11 0.000000e+00 -1.157198e-11 
5.213330e-02 1.717614e-11 0.000000e+00 -1.194966e-11 
5.175070e-02 1.686052e-11 0.000000e+00 -1.231408e-11 
5.136711e-02 1.653459e-11 0.000000e+00 -1.266492e-11 
5.098254e-02 1.619889e-11 0.000000e+00 -1.300192e-11 
5.059697e-02 1.585400e-11 0.000000e+00 -1.332484e-11 
5.021042e-02 1.550048e-11 0.000000e+00 -1.363344e-11 
4.982287e-02 1.513889e-11 0.000000e+00 -1.392754e-11 
4.943433e-02 1.476983e-11 0.000000e+00 -1.420695e-11 
4.904479e-02 1.439387e-11 0.000000e+00 -1.447152e-11 
4.865426e-02 1.401159e-11 0.000000e+00 -1.472112e-11 
4.826274e-02 1.362357e-11 0.000000e+00 -1.495565e-11 
4.787022e-02 1.323038e-11 0.000000e+00 -1.517503e-11 
4.747671e-02 1.283262e-11 0.000000e+00 -1.537920e-11 
4.708220e-02 1.243085e-11 0.000000e+00 -1.556813e-11 
4.668669e-02 1.202564e-11 0.000000e+00 -1.574181e-11 
4.629019e-02 1.161757e-11 0.000000e+00 -1.590023e-11 
4.589269e-02 1.120720e-11 0.000000e+00 -1.604345e-11 
4.549419e-02 1.079508e-11 0.000000e+00 -1.617151e-11 
4.509469e-02 1.038177e-11 0.000000e+00 -1.628450e-11 
4.469419e-02 9.967814e-12 0.000000e+00 -1.638249e-11 
4.429269e-02 9.553740e-12 0.000000e+00 -1.646563e-11 
4.389018e-02 9.140075e-12 0.000000e+00 -1.653403e-11 
4.348668e-02 8.727337e-12 0.000000e+00 -1.658786e-11 
4.308217e-02 8.316031e-12 0.000000e+00 -1.662729e-11 
4.267666e-02 7.906651e-12 0.000000e+00 -1.665253e-11 
4.227015e-02 7.499680e-12 0.000000e+00 -1.666377e-11 
4.186263e-02 7.095587e-12 0.000000e+00 -1.666125e-11 
4.145411e-02 6.694831e-12 0.000000e+00 -1.664521e-11 
4.104458e-02 6.297854e-12 0.000000e+00 -1.661591e-11 
4.063405e-02 5.905086e-12 0.000000e+00 -1.657362e-11 
4.022251e-02 5.516942e-12 0.000000e+00 -1.651865e-11 
3.980996e-02 5.133822e-12 0.000000e+00 -1.645128e-11 
3.939641e-02 4.756112e-12 0.000000e+00 -1.637184e-11 
3.898184e-02 4.384180e-12 0.000000e+00 -1.628065e-11 
3.856627e-02 4.018379e-12 0.000000e+00 -1.617806e-11 
3.814969e-02 3.659045e-12 0.000000e+00 -1.606440e-11 
3.773210e-02 3.306500e-12 0.000000e+00 -1.594004e-11 
3.731349e-02 2.961045e-12 0.000000e+00 -1.580536e-11 
3.689388e-02 2.622967e-12 0.000000e+00 -1.566071e-11 
3.647325e-02 2.292535e-12 0.000000e+00 -1.550650e-11 
3.605161e-02 1.970001e-12 0.000000e+00 -1.534310e-11 
3.562896e-02 1.655599e-12 0.000000e+00 -1.517091e-11 
3.520529e-02 1.349545e-12 0.000000e+00 -1.499034e-11 
3.478061e-02 1.052038e-12 0.000000e+00 -1.480178e-11 
3.435492e-02 7.632617e-13 0.000000e+00 -1.460565e-11 
3.392821e-02 4.833794e-13 0.000000e+00 -1.440235e-11 
3.350048e-02 2.125385e-13 0.000000e+00 -1.419230e-11 
3.307174e-02 -4.913076e-14 0.000000e+00 -1.397590e-11 
3.264198e-02 -3.015153e-13 0.000000e+00 -1.375358e-11 
3.221120e-02 -5.445186e-13 0.000000e+00 -1.352575e-11 
3.177940e-02 -7.780611e-13 0.000000e+00 -1.329281e-11 
3.134659e-02 -1.002079e-12 0.000000e+00 -1.305518e-11 
3.091276e-02 -1.216525e-12 0.000000e+00 -1.281325e-11 
3.047790e-02 -1.421367e-12 0.000000e+00 -1.256744e-11 
3.004203e-02 -1.616589e-12 0.000000e+00 -1.231814e-11 
2.960513e-02 -1.802190e-12 0.000000e+00 -1.206575e-11 
2.916722e-02 -1.978182e-12 0.000000e+00 -1.181065e-11 
2.872828e-02 -2.144592e-12 0.000000e+00 -1.155323e-11 
2.828832e-02 -2.301462e-12 0.000000e+00 -1.129386e-11 
2.784733e-02 -2.448847e-12 0.000000e+00 -1.103291e-11 
2.740533e-02 -2.586812e-12 0.000000e+00 -1.077074e-11 
2.696229e-02 -2.715438e-12 0.000000e+00 -1.050771e-11 
2.651824e-02 -2.834815e-12 0.000000e+00 -1.024416e-11 
2.607316e-02 -2.945047e-12 0.000000e+00 -9.980417e-12 
2.562705e-02 -3.046245e-12 0.000000e+00 -9.716814e-12 
2.517992e-02 -3.138534e-12 0.000000e+00 -9.453665e-12 
2.473175e-02 -3.222045e-12 0.000000e+00 -9.191273e-12 
2.428257e-02 -3.296922e-12 0.000000e+00 -8.929932e-12 
2.383235e-02 -3.363313e-12 0.000000e+00 -8.669925e-12 
2.338111e-02 -3.421378e-12 0.000000e+00 -8.411522e-12 
2.292883e-02 -3.471280e-12 0.000000e+00 -8.154984e-12 
2.247553e-02 -3.513193e-12 0.000000e+00 -7.900557e-12 
2.202120e-02 -3.547294e-12 0.000000e+00 -7.648476e-12 
2.156584e-02 -3.573767e-12 0.000000e+00 -7.398964e-12 
2.110944e-02 -3.592800e-12 0.000000e+00 -7.152231e-12 
2.065202e-02 -3.604585e-12 0.000000e+00 -6.908475e-12 
2.019356e-02 -3.609319e-12 0.000000e+00 -6.667880e-12 
1.973407e-02 -3.607201e-12 0.000000e+00 -6.430618e-12 
1.927355e-02 -3.598434e-12 0.000000e+00 -6.196847e-12 
1.881199e-02 -3.583222e-12 0.000000e+00 -5.966713e-12 
1.834940e-02 -3.561770e-12 0.000000e+00 -5.740348e-12 
1.788577e-02 -3.534286e-12 0.000000e+00 -5.517872e-12 
1.742111e-02 -3.500976e-12 0.000000e+00 -5.299392e-12 
1.695542e-02 -3.462048e-12 0.000000e+00 -5.085000e-12 
1.648869e-02 -3.417710e-12 0.000000e+00 -4.874777e-12 
1.602092e-02 -3.368167e-12 0.000000e+00 -4.668790e-12 
1.555212e-02 -3.313624e-12 0.000000e+00 -4.467096e-12 
1.508227e-02 -3.254285e-12 0.000000e+00 -4.269735e-12 
1.461139e-02 -3.190350e-12 0.000000e+00 -4.076737e-12 
1.413947e-02 -3.122020e-12 0.000000e+00 -3.888120e-12 
1.366652e-02 -3.049489e-12 0.000000e+00 -3.703889e-12 
1.319252e-02 -2.972953e-12 0.000000e+00 -3.524036e-12 
1.271748e-02 -2.892600e-12 0.000000e+00 -3.348542e-12 
1.224141e-02 -2.808618e-12 0.000000e+00 -3.177377e-12 
1.176429e-02 -2.721189e-12 0.000000e+00 -3.010498e-12 
1.128613e-02 -2.630495e-12 0.000000e+00 -2.847853e-12 
1.080693e-02 -2.536709e-12 0.000000e+00 -2.689375e-12 
1.032669e-02 -2.440005e-12 0.000000e+00 -2.534990e-12 
9.845399e-03 -2.340548e-12 0.000000e+00 -2.384610e-12 
9.363070e-03 -2.238504e-12 0.000000e+00 -2.238141e-12 
8.879697e-03 -2.134032e-12 0.000000e+00 -2.095474e-12 
8.395280e-03 -2.027287e-12 0.000000e+00 -1.956494e-12 
7.909819e-03 -1.918421e-12 0.000000e+00 -1.821074e-12 
7.423312e-03 -1.807581e-12 0.000000e+00 -1.689078e-12 
6.935760e-03 -1.694913e-12 0.000000e+00 -1.560361e-12 
6.447162e-03 -1.580557e-12 0.000000e+00 -1.434768e-12 
5.957517e-03 -1.464650e-12 0.000000e+00 -1.312135e-12 
5.466826e-03 -1.347327e-12 0.000000e+00 -1.192290e-12 
4.975088e-03 -1.228719e-12 0.000000e+00 -1.075048e-12 
4.482301e-03 -1.108956e-12 0.000000e+00 -9.602187e-13 
3.988467e-03 -9.881660e-13 0.000000e+00 -8.475988e-13 
3.493583e-03 -8.664749e-13 0.000000e+00 -7.369785e-13 
2.997651e-03 -7.440083e-13 0.000000e+00 -6.281402e-13 
2.500669e-03 -6.208917e-13 0.000000e+00 -5.208612e-13 
2.002637e-03 -4.972508e-13 0.000000e+00 -4.149166e-13 
1.503554e-03 -3.732125e-13 0.000000e+00 -3.100826e-13 
1.003421e-03 -2.489046e-13 0.000000e+00 -2.061377e-13 
5.022364e-04 -1.244567e-13 0.000000e+00 -1.028585e-13 
0.000000e+00 0.000000e+00 0.000000e+00 0.000000e+00 
