time=50.000000
u1[0] u1[1] u2[0] u2[1]n1.381786e-01 0.000000e+00 0.000000e+00 0.000000e+00 
1.381786e-01 8.526321e-13 0.000000e+00 -7.301205e-13 
1.381787e-01 1.709216e-12 0.000000e+00 -1.457015e-12 
1.381790e-01 2.566713e-12 0.000000e+00 -2.182159e-12 
1.381794e-01 3.424648e-12 0.000000e+00 -2.905939e-12 
1.381799e-01 4.282771e-12 0.000000e+00 -3.628446e-12 
1.381805e-01 5.140912e-12 0.000000e+00 -4.349678e-12 
1.381812e-01 5.998948e-12 0.000000e+00 -5.069598e-12 
1.381820e-01 6.856779e-12 0.000000e+00 -5.788152e-12 
1.381830e-01 7.714324e-12 0.000000e+00 -6.505283e-12 
1.381840e-01 8.571519e-12 0.000000e+00 -7.220935e-12 
1.381852e-01 9.428305e-12 0.000000e+00 -7.935052e-12 
1.381865e-01 1.028464e-11 0.000000e+00 -8.647586e-12 
1.381878e-01 1.114047e-11 0.000000e+00 -9.358492e-12 
1.381893e-01 1.199577e-11 0.000000e+00 -1.006773e-11 
1.381909e-01 1.285049e-11 0.000000e+00 -1.077526e-11 
1.381927e-01 1.370462e-11 0.000000e+00 -1.148105e-11 
1.381945e-01 1.455810e-11 0.000000e+00 -1.218508e-11 
1.381964e-01 1.541092e-11 0.000000e+00 -1.288733e-11 
1.381985e-01 1.626303e-11 0.000000e+00 -1.358776e-11 
1.382006e-01 1.711441e-11 0.000000e+00 -1.428637e-11 
1.382029e-01 1.796501e-11 0.000000e+00 -1.498313e-11 
1.382053e-01 1.881480e-11 0.000000e+00 -1.567803e-11 
1.382077e-01 1.966374e-11 0.000000e+00 -1.637107e-11 
1.382103e-01 2.051178e-11 0.000000e+00 -1.706222e-11 
1.382130e-01 2.135888e-11 0.000000e+00 -1.775149e-11 
1.382159e-01 2.220499e-11 0.000000e+00 -1.843886e-11 
1.382188e-01 2.305007e-11 0.000000e+00 -1.912432e-11 
1.382218e-01 2.389407e-11 0.000000e+00 -1.980787e-11 
1.382249e-01 2.473692e-11 0.000000e+00 -2.048950e-11 
1.382282e-01 2.557859e-11 0.000000e+00 -2.116921e-11 
1.382315e-01 2.641902e-11 0.000000e+00 -2.184698e-11 
1.382350e-01 2.725815e-11 0.000000e+00 -2.252282e-11 
1.382385e-01 2.809593e-11 0.000000e+00 -2.319672e-11 
1.382422e-01 2.893231e-11 0.000000e+00 -2.386867e-11 
1.382460e-01 2.976722e-11 0.000000e+00 -2.453867e-11 
1.382499e-01 3.060061e-11 0.000000e+00 -2.520672e-11 
1.382539e-01 3.143243e-11 0.000000e+00 -2.587280e-11 
1.382580e-01 3.226262e-11 0.000000e+00 -2.653692e-11 
1.382622e-01 3.309112e-11 0.000000e+00 -2.719907e-11 
1.382665e-01 3.391787e-11 0.000000e+00 -2.785925e-11 
1.382709e-01 3.474282e-11 0.000000e+00 -2.851745e-11 
1.382754e-01 3.556591e-11 0.000000e+00 -2.917367e-11 
1.382800e-01 3.638708e-11 0.000000e+00 -2.982790e-11 
1.382847e-01 3.720629e-11 0.000000e+00 -3.048013e-11 
1.382896e-01 3.802346e-11 0.000000e+00 -3.113037e-11 
1.382945e-01 3.883855e-11 0.000000e+00 -3.177860e-11 
1.382995e-01 3.965150e-11 0.000000e+00 -3.242483e-11 
1.383046e-01 4.046225e-11 0.000000e+00 -3.306905e-11 
1.383099e-01 4.127074e-11 0.000000e+00 -3.371124e-11 
1.383152e-01 4.207693e-11 0.000000e+00 -3.435142e-11 
1.383206e-01 4.288075e-11 0.000000e+00 -3.498956e-11 
1.383262e-01 4.368215e-11 0.000000e+00 -3.562568e-11 
1.383318e-01 4.448108e-11 0.000000e+00 -3.625975e-11 
1.383375e-01 4.527747e-11 0.000000e+00 -3.689178e-11 
1.383434e-01 4.607128e-11 0.000000e+00 -3.752176e-11 
1.383493e-01 4.686245e-11 0.000000e+00 -3.814968e-11 
1.383553e-01 4.765093e-11 0.000000e+00 -3.877555e-11 
1.383615e-01 4.843665e-11 0.000000e+00 -3.939934e-11 
1.383677e-01 4.921958e-11 0.000000e+00 -4.002107e-11 
1.383740e-01 4.999964e-11 0.000000e+00 -4.064071e-11 
1.383804e-01 5.077680e-11 0.000000e+00 -4.125827e-11 
1.383870e-01 5.155099e-11 0.000000e+00 -4.187373e-11 
1.383936e-01 5.232216e-11 0.000000e+00 -4.248710e-11 
1.384003e-01 5.309027e-11 0.000000e+00 -4.309836e-11 
1.384071e-01 5.385525e-11 0.000000e+00 -4.370752e-11 
1.384140e-01 5.461705e-11 0.000000e+00 -4.431455e-11 
1.384210e-01 5.537563e-11 0.000000e+00 -4.491946e-11 
1.384280e-01 5.613093e-11 0.000000e+00 -4.552224e-11 
1.384352e-01 5.688289e-11 0.000000e+00 -4.612288e-11 
1.384425e-01 5.763147e-11 0.000000e+00 -4.672138e-11 
1.384498e-01 5.837662e-11 0.000000e+00 -4.731772e-11 
1.384573e-01 5.911828e-11 0.000000e+00 -4.791191e-11 
1.384648e-01 5.985640e-11 0.000000e+00 -4.850392e-11 
1.384724e-01 6.059094e-11 0.000000e+00 -4.909377e-11 
1.384802e-01 6.132183e-11 0.000000e+00 -4.968143e-11 
1.384880e-01 6.204904e-11 0.000000e+00 -5.026690e-11 
1.384958e-01 6.277251e-11 0.000000e+00 -5.085018e-11 
1.385038e-01 6.349219e-11 0.000000e+00 -5.143125e-11 
1.385119e-01 6.420803e-11 0.000000e+00 -5.201011e-11 
1.385200e-01 6.491999e-11 0.000000e+00 -5.258675e-11 
1.385283e-01 6.562801e-11 0.000000e+00 -5.316116e-11 
1.385366e-01 6.633205e-11 0.000000e+00 -5.373334e-11 
1.385450e-01 6.703205e-11 0.000000e+00 -5.430326e-11 
1.385535e-01 6.772798e-11 0.000000e+00 -5.487094e-11 
1.385620e-01 6.841977e-11 0.000000e+00 -5.543636e-11 
1.385707e-01 6.910739e-11 0.000000e+00 -5.599950e-11 
1.385794e-01 6.979078e-11 0.000000e+00 -5.656037e-11 
1.385882e-01 7.046991e-11 0.000000e+00 -5.711895e-11 
1.385971e-01 7.114471e-11 0.000000e+00 -5.767523e-11 
1.386061e-01 7.181515e-11 0.000000e+00 -5.822921e-11 
1.386152e-01 7.248119e-11 0.000000e+00 -5.878087e-11 
1.386243e-01 7.314276e-11 0.000000e+00 -5.933021e-11 
1.386335e-01 7.379984e-11 0.000000e+00 -5.987722e-11 
1.386428e-01 7.445236e-11 0.000000e+00 -6.042188e-11 
1.386521e-01 7.510030e-11 0.000000e+00 -6.096420e-11 
1.386615e-01 7.574360e-11 0.000000e+00 -6.150415e-11 
1.386711e-01 7.638222e-11 0.000000e+00 -6.204174e-11 
1.386806e-01 7.701611e-11 0.000000e+00 -6.257694e-11 
1.386903e-01 7.764523e-11 0.000000e+00 -6.310976e-11 
1.387000e-01 7.826954e-11 0.000000e+00 -6.364017e-11 
1.387098e-01 7.888900e-11 0.000000e+00 -6.416818e-11 
1.387196e-01 7.950355e-11 0.000000e+00 -6.469377e-11 
1.387296e-01 8.011317e-11 0.000000e+00 -6.521693e-11 
1.387396e-01 8.071780e-11 0.000000e+00 -6.573765e-11 
1.387496e-01 8.131741e-11 0.000000e+00 -6.625592e-11 
1.387598e-01 8.191195e-11 0.000000e+00 -6.677173e-11 
1.387700e-01 8.250138e-11 0.000000e+00 -6.728507e-11 
1.387802e-01 8.308566e-11 0.000000e+00 -6.779593e-11 
1.387906e-01 8.366475e-11 0.000000e+00 -6.830429e-11 
1.388010e-01 8.423861e-11 0.000000e+00 -6.881016e-11 
1.388114e-01 8.480720e-11 0.000000e+00 -6.931351e-11 
1.388219e-01 8.537048e-11 0.000000e+00 -6.981434e-11 
1.388325e-01 8.592841e-11 0.000000e+00 -7.031263e-11 
1.388431e-01 8.648096e-11 0.000000e+00 -7.080838e-11 
1.388538e-01 8.702807e-11 0.000000e+00 -7.130157e-11 
1.388646e-01 8.756972e-11 0.000000e+00 -7.179219e-11 
1.388754e-01 8.810587e-11 0.000000e+00 -7.228024e-11 
1.388863e-01 8.863648e-11 0.000000e+00 -7.276569e-11 
1.388972e-01 8.916150e-11 0.000000e+00 -7.324854e-11 
1.389082e-01 8.968092e-11 0.000000e+00 -7.372878e-11 
1.389192e-01 9.019468e-11 0.000000e+00 -7.420639e-11 
1.389303e-01 9.070275e-11 0.000000e+00 -7.468136e-11 
1.389414e-01 9.120510e-11 0.000000e+00 -7.515369e-11 
1.389526e-01 9.170169e-11 0.000000e+00 -7.562335e-11 
1.389638e-01 9.219249e-11 0.000000e+00 -7.609034e-11 
1.389751e-01 9.267745e-11 0.000000e+00 -7.655465e-11 
1.389865e-01 9.315656e-11 0.000000e+00 -7.701626e-11 
1.389978e-01 9.362976e-11 0.000000e+00 -7.747516e-11 
1.390093e-01 9.409704e-11 0.000000e+00 -7.793134e-11 
1.390207e-01 9.455835e-11 0.000000e+00 -7.838479e-11 
1.390323e-01 9.501367e-11 0.000000e+00 -7.883549e-11 
1.390438e-01 9.546295e-11 0.000000e+00 -7.928344e-11 
1.390554e-01 9.590617e-11 0.000000e+00 -7.972861e-11 
1.390670e-01 9.634330e-11 0.000000e+00 -8.017100e-11 
1.390787e-01 9.677430e-11 0.000000e+00 -8.061060e-11 
1.390904e-01 9.719915e-11 0.000000e+00 -8.104738e-11 
1.391022e-01 9.761781e-11 0.000000e+00 -8.148135e-11 
1.391140e-01 9.803026e-11 0.000000e+00 -8.191248e-11 
1.391258e-01 9.843646e-11 0.000000e+00 -8.234076e-11 
1.391377e-01 9.883638e-11 0.000000e+00 -8.276618e-11 
1.391496e-01 9.923000e-11 0.000000e+00 -8.318873e-11 
1.391615e-01 9.961728e-11 0.000000e+00 -8.360840e-11 
1.391735e-01 9.999820e-11 0.000000e+00 -8.402516e-11 
1.391855e-01 1.003727e-10 0.000000e+00 -8.443901e-11 
1.391975e-01 1.007409e-10 0.000000e+00 -8.484994e-11 
1.392095e-01 1.011025e-10 0.000000e+00 -8.525792e-11 
1.392216e-01 1.014577e-10 0.000000e+00 -8.566295e-11 
1.392337e-01 1.018064e-10 0.000000e+00 -8.606502e-11 
1.392458e-01 1.021486e-10 0.000000e+00 -8.646411e-11 
1.392580e-01 1.024842e-10 0.000000e+00 -8.686020e-11 
1.392702e-01 1.028133e-10 0.000000e+00 -8.725328e-11 
1.392824e-01 1.031358e-10 0.000000e+00 -8.764335e-11 
1.392946e-01 1.034516e-10 0.000000e+00 -8.803038e-11 
1.393068e-01 1.037608e-10 0.000000e+00 -8.841436e-11 
1.393191e-01 1.040634e-10 0.000000e+00 -8.879528e-11 
1.393313e-01 1.043592e-10 0.000000e+00 -8.917312e-11 
1.393436e-01 1.046483e-10 0.000000e+00 -8.954787e-11 
1.393559e-01 1.049307e-10 0.000000e+00 -8.991952e-11 
1.393682e-01 1.052064e-10 0.000000e+00 -9.028805e-11 
1.393806e-01 1.054752e-10 0.000000e+00 -9.065345e-11 
1.393929e-01 1.057373e-10 0.000000e+00 -9.101570e-11 
1.394052e-01 1.059925e-10 0.000000e+00 -9.137479e-11 
1.394176e-01 1.062409e-10 0.000000e+00 -9.173070e-11 
1.394300e-01 1.064825e-10 0.000000e+00 -9.208342e-11 
1.394423e-01 1.067172e-10 0.000000e+00 -9.243294e-11 
1.394547e-01 1.069449e-10 0.000000e+00 -9.277925e-11 
1.394671e-01 1.071658e-10 0.000000e+00 -9.312232e-11 
1.394795e-01 1.073797e-10 0.000000e+00 -9.346214e-11 
1.394918e-01 1.075867e-10 0.000000e+00 -9.379870e-11 
1.395042e-01 1.077868e-10 0.000000e+00 -9.413198e-11 
1.395166e-01 1.079798e-10 0.000000e+00 -9.446197e-11 
1.395290e-01 1.081659e-10 0.000000e+00 -9.478866e-11 
1.395414e-01 1.083449e-10 0.000000e+00 -9.511203e-11 
1.395537e-01 1.085169e-10 0.000000e+00 -9.543206e-11 
1.395661e-01 1.086819e-10 0.000000e+00 -9.574875e-11 
1.395784e-01 1.088398e-10 0.000000e+00 -9.606207e-11 
1.395908e-01 1.089907e-10 0.000000e+00 -9.637201e-11 
1.396031e-01 1.091344e-10 0.000000e+00 -9.667855e-11 
1.396155e-01 1.092711e-10 0.000000e+00 -9.698169e-11 
1.396278e-01 1.094007e-10 0.000000e+00 -9.728141e-11 
1.396401e-01 1.095232e-10 0.000000e+00 -9.757768e-11 
1.396524e-01 1.096385e-10 0.000000e+00 -9.787051e-11 
1.396646e-01 1.097467e-10 0.000000e+00 -9.815986e-11 
1.396769e-01 1.098478e-10 0.000000e+00 -9.844574e-11 
1.396891e-01 1.099417e-10 0.000000e+00 -9.872811e-11 
1.397013e-01 1.100284e-10 0.000000e+00 -9.900697e-11 
1.397135e-01 1.101079e-10 0.000000e+00 -9.928231e-11 
1.397257e-01 1.101803e-10 0.000000e+00 -9.955410e-11 
1.397378e-01 1.102455e-10 0.000000e+00 -9.982234e-11 
1.397499e-01 1.103035e-10 0.000000e+00 -1.000870e-10 
1.397620e-01 1.103543e-10 0.000000e+00 -1.003481e-10 
1.397741e-01 1.103978e-10 0.000000e+00 -1.006056e-10 
1.397861e-01 1.104342e-10 0.000000e+00 -1.008594e-10 
1.397981e-01 1.104633e-10 0.000000e+00 -1.011096e-10 
1.398101e-01 1.104852e-10 0.000000e+00 -1.013562e-10 
1.398220e-01 1.104999e-10 0.000000e+00 -1.015991e-10 
1.398339e-01 1.105073e-10 0.000000e+00 -1.018384e-10 
1.398458e-01 1.105075e-10 0.000000e+00 -1.020739e-10 
1.398576e-01 1.105005e-10 0.000000e+00 -1.023057e-10 
1.398694e-01 1.104862e-10 0.000000e+00 -1.025339e-10 
1.398811e-01 1.104647e-10 0.000000e+00 -1.027582e-10 
1.398928e-01 1.104359e-10 0.000000e+00 -1.029789e-10 
1.399045e-01 1.103999e-10 0.000000e+00 -1.031957e-10 
1.399161e-01 1.103566e-10 0.000000e+00 -1.034088e-10 
1.399277e-01 1.103061e-10 0.000000e+00 -1.036181e-10 
1.399392e-01 1.102484e-10 0.000000e+00 -1.038236e-10 
1.399507e-01 1.101834e-10 0.000000e+00 -1.040252e-10 
1.399621e-01 1.101111e-10 0.000000e+00 -1.042230e-10 
1.399735e-01 1.100316e-10 0.000000e+00 -1.044169e-10 
1.399848e-01 1.099449e-10 0.000000e+00 -1.046070e-10 
1.399960e-01 1.098509e-10 0.000000e+00 -1.047932e-10 
1.400072e-01 1.097497e-10 0.000000e+00 -1.049755e-10 
1.400184e-01 1.096413e-10 0.000000e+00 -1.051539e-10 
1.400295e-01 1.095256e-10 0.000000e+00 -1.053283e-10 
1.400405e-01 1.094028e-10 0.000000e+00 -1.054988e-10 
1.400514e-01 1.092727e-10 0.000000e+00 -1.056654e-10 
1.400623e-01 1.091354e-10 0.000000e+00 -1.058279e-10 
1.400732e-01 1.089909e-10 0.000000e+00 -1.059865e-10 
1.400839e-01 1.088392e-10 0.000000e+00 -1.061411e-10 
1.400946e-01 1.086803e-10 0.000000e+00 -1.062916e-10 
1.401053e-01 1.085143e-10 0.000000e+00 -1.064382e-10 
1.401158e-01 1.083411e-10 0.000000e+00 -1.065807e-10 
1.401263e-01 1.081607e-10 0.000000e+00 -1.067191e-10 
1.401367e-01 1.079732e-10 0.000000e+00 -1.068534e-10 
1.401470e-01 1.077785e-10 0.000000e+00 -1.069837e-10 
1.401573e-01 1.075767e-10 0.000000e+00 -1.071099e-10 
1.401675e-01 1.073678e-10 0.000000e+00 -1.072319e-10 
1.401776e-01 1.071518e-10 0.000000e+00 -1.073498e-10 
1.401876e-01 1.069287e-10 0.000000e+00 -1.074636e-10 
1.401975e-01 1.066985e-10 0.000000e+00 -1.075732e-10 
1.402074e-01 1.064613e-10 0.000000e+00 -1.076786e-10 
1.402171e-01 1.062170e-10 0.000000e+00 -1.077799e-10 
1.402268e-01 1.059656e-10 0.000000e+00 -1.078769e-10 
1.402364e-01 1.057072e-10 0.000000e+00 -1.079698e-10 
1.402459e-01 1.054418e-10 0.000000e+00 -1.080584e-10 
1.402553e-01 1.051695e-10 0.000000e+00 -1.081428e-10 
1.402646e-01 1.048901e-10 0.000000e+00 -1.082229e-10 
1.402738e-01 1.046038e-10 0.000000e+00 -1.082988e-10 
1.402829e-01 1.043105e-10 0.000000e+00 -1.083703e-10 
1.402919e-01 1.040103e-10 0.000000e+00 -1.084376e-10 
1.403008e-01 1.037032e-10 0.000000e+00 -1.085006e-10 
1.403096e-01 1.033893e-10 0.000000e+00 -1.085592e-10 
1.403183e-01 1.030684e-10 0.000000e+00 -1.086136e-10 
1.403269e-01 1.027407e-10 0.000000e+00 -1.086636e-10 
1.403354e-01 1.024062e-10 0.000000e+00 -1.087092e-10 
1.403438e-01 1.020648e-10 0.000000e+00 -1.087504e-10 
1.403521e-01 1.017167e-10 0.000000e+00 -1.087873e-10 
1.403602e-01 1.013618e-10 0.000000e+00 -1.088198e-10 
1.403683e-01 1.010001e-10 0.000000e+00 -1.088478e-10 
1.403762e-01 1.006318e-10 0.000000e+00 -1.088715e-10 
1.403841e-01 1.002567e-10 0.000000e+00 -1.088907e-10 
1.403918e-01 9.987497e-11 0.000000e+00 -1.089055e-10 
1.403993e-01 9.948658e-11 0.000000e+00 -1.089158e-10 
1.404068e-01 9.909157e-11 0.000000e+00 -1.089217e-10 
1.404141e-01 9.868995e-11 0.000000e+00 -1.089230e-10 
1.404214e-01 9.828177e-11 0.000000e+00 -1.089199e-10 
1.404285e-01 9.786703e-11 0.000000e+00 -1.089123e-10 
1.404354e-01 9.744577e-11 0.000000e+00 -1.089002e-10 
1.404423e-01 9.701802e-11 0.000000e+00 -1.088835e-10 
1.404490e-01 9.658380e-11 0.000000e+00 -1.088623e-10 
1.404555e-01 9.614314e-11 0.000000e+00 -1.088366e-10 
1.404620e-01 9.569607e-11 0.000000e+00 -1.088063e-10 
1.404683e-01 9.524262e-11 0.000000e+00 -1.087715e-10 
1.404744e-01 9.478281e-11 0.000000e+00 -1.087320e-10 
1.404804e-01 9.431669e-11 0.000000e+00 -1.086880e-10 
1.404863e-01 9.384427e-11 0.000000e+00 -1.086394e-10 
1.404921e-01 9.336560e-11 0.000000e+00 -1.085862e-10 
1.404977e-01 9.288070e-11 0.000000e+00 -1.085283e-10 
1.405031e-01 9.238960e-11 0.000000e+00 -1.084659e-10 
1.405084e-01 9.189233e-11 0.000000e+00 -1.083987e-10 
1.405136e-01 9.138894e-11 0.000000e+00 -1.083270e-10 
1.405186e-01 9.087944e-11 0.000000e+00 -1.082506e-10 
1.405234e-01 9.036389e-11 0.000000e+00 -1.081695e-10 
1.405281e-01 8.984230e-11 0.000000e+00 -1.080838e-10 
1.405327e-01 8.931472e-11 0.000000e+00 -1.079933e-10 
1.405371e-01 8.878117e-11 0.000000e+00 -1.078982e-10 
1.405413e-01 8.824171e-11 0.000000e+00 -1.077984e-10 
1.405453e-01 8.769635e-11 0.000000e+00 -1.076938e-10 
1.405492e-01 8.714515e-11 0.000000e+00 -1.075846e-10 
1.405530e-01 8.658813e-11 0.000000e+00 -1.074706e-10 
1.405566e-01 8.602533e-11 0.000000e+00 -1.073519e-10 
1.405600e-01 8.545679e-11 0.000000e+00 -1.072284e-10 
1.405632e-01 8.488255e-11 0.000000e+00 -1.071002e-10 
1.405663e-01 8.430266e-11 0.000000e+00 -1.069673e-10 
1.405692e-01 8.371713e-11 0.000000e+00 -1.068296e-10 
1.405719e-01 8.312603e-11 0.000000e+00 -1.066871e-10 
1.405744e-01 8.252938e-11 0.000000e+00 -1.065398e-10 
1.405768e-01 8.192724e-11 0.000000e+00 -1.063878e-10 
1.405790e-01 8.131963e-11 0.000000e+00 -1.062310e-10 
1.405810e-01 8.070660e-11 0.000000e+00 -1.060693e-10 
1.405828e-01 8.008819e-11 0.000000e+00 -1.059029e-10 
1.405844e-01 7.946445e-11 0.000000e+00 -1.057317e-10 
1.405859e-01 7.883541e-11 0.000000e+00 -1.055556e-10 
1.405871e-01 7.820113e-11 0.000000e+00 -1.053748e-10 
1.405882e-01 7.756164e-11 0.000000e+00 -1.051891e-10 
1.405891e-01 7.691699e-11 0.000000e+00 -1.049986e-10 
1.405898e-01 7.626722e-11 0.000000e+00 -1.048032e-10 
1.405903e-01 7.561238e-11 0.000000e+00 -1.046030e-10 
1.405906e-01 7.495251e-11 0.000000e+00 -1.043980e-10 
1.405907e-01 7.428766e-11 0.000000e+00 -1.041881e-10 
1.405906e-01 7.361787e-11 0.000000e+00 -1.039734e-10 
1.405903e-01 7.294320e-11 0.000000e+00 -1.037538e-10 
1.405898e-01 7.226368e-11 0.000000e+00 -1.035294e-10 
1.405891e-01 7.157936e-11 0.000000e+00 -1.033001e-10 
1.405882e-01 7.089030e-11 0.000000e+00 -1.030660e-10 
1.405870e-01 7.019654e-11 0.000000e+00 -1.028269e-10 
1.405857e-01 6.949813e-11 0.000000e+00 -1.025830e-10 
1.405841e-01 6.879512e-11 0.000000e+00 -1.023343e-10 
1.405824e-01 6.808755e-11 0.000000e+00 -1.020806e-10 
1.405804e-01 6.737548e-11 0.000000e+00 -1.018221e-10 
1.405782e-01 6.665895e-11 0.000000e+00 -1.015587e-10 
1.405758e-01 6.593802e-11 0.000000e+00 -1.012905e-10 
1.405732e-01 6.521274e-11 0.000000e+00 -1.010173e-10 
1.405703e-01 6.448315e-11 0.000000e+00 -1.007393e-10 
1.405672e-01 6.374932e-11 0.000000e+00 -1.004564e-10 
1.405639e-01 6.301129e-11 0.000000e+00 -1.001686e-10 
1.405604e-01 6.226910e-11 0.000000e+00 -9.987595e-11 
1.405566e-01 6.152283e-11 0.000000e+00 -9.957840e-11 
1.405526e-01 6.077251e-11 0.000000e+00 -9.927596e-11 
1.405484e-01 6.001821e-11 0.000000e+00 -9.896865e-11 
1.405439e-01 5.925997e-11 0.000000e+00 -9.865646e-11 
1.405392e-01 5.849784e-11 0.000000e+00 -9.833939e-11 
1.405343e-01 5.773189e-11 0.000000e+00 -9.801744e-11 
1.405291e-01 5.696217e-11 0.000000e+00 -9.769062e-11 
1.405236e-01 5.618873e-11 0.000000e+00 -9.735892e-11 
1.405180e-01 5.541163e-11 0.000000e+00 -9.702235e-11 
1.405121e-01 5.463091e-11 0.000000e+00 -9.668091e-11 
1.405059e-01 5.384665e-11 0.000000e+00 -9.633460e-11 
1.404995e-01 5.305889e-11 0.000000e+00 -9.598343e-11 
1.404928e-01 5.226769e-11 0.000000e+00 -9.562740e-11 
1.404859e-01 5.147310e-11 0.000000e+00 -9.526652e-11 
1.404787e-01 5.067520e-11 0.000000e+00 -9.490077e-11 
1.404713e-01 4.987402e-11 0.000000e+00 -9.453018e-11 
1.404636e-01 4.906963e-11 0.000000e+00 -9.415475e-11 
1.404557e-01 4.826208e-11 0.000000e+00 -9.377447e-11 
1.404475e-01 4.745144e-11 0.000000e+00 -9.338936e-11 
1.404390e-01 4.663776e-11 0.000000e+00 -9.299942e-11 
1.404303e-01 4.582111e-11 0.000000e+00 -9.260465e-11 
1.404213e-01 4.500153e-11 0.000000e+00 -9.220506e-11 
1.404120e-01 4.417909e-11 0.000000e+00 -9.180066e-11 
1.404025e-01 4.335385e-11 0.000000e+00 -9.139145e-11 
1.403927e-01 4.252587e-11 0.000000e+00 -9.097745e-11 
1.403826e-01 4.169521e-11 0.000000e+00 -9.055864e-11 
1.403722e-01 4.086192e-11 0.000000e+00 -9.013506e-11 
1.403616e-01 4.002607e-11 0.000000e+00 -8.970669e-11 
1.403507e-01 3.918772e-11 0.000000e+00 -8.927355e-11 
1.403395e-01 3.834694e-11 0.000000e+00 -8.883565e-11 
1.403280e-01 3.750377e-11 0.000000e+00 -8.839299e-11 
1.403162e-01 3.665828e-11 0.000000e+00 -8.794559e-11 
1.403042e-01 3.581054e-11 0.000000e+00 -8.749345e-11 
1.402918e-01 3.496060e-11 0.000000e+00 -8.703659e-11 
1.402792e-01 3.410853e-11 0.000000e+00 -8.657500e-11 
1.402663e-01 3.325439e-11 0.000000e+00 -8.610871e-11 
1.402530e-01 3.239824e-11 0.000000e+00 -8.563772e-11 
1.402395e-01 3.154015e-11 0.000000e+00 -8.516204e-11 
1.402257e-01 3.068017e-11 0.000000e+00 -8.468169e-11 
1.402116e-01 2.981837e-11 0.000000e+00 -8.419667e-11 
1.401972e-01 2.895482e-11 0.000000e+00 -8.370699e-11 
1.401825e-01 2.808957e-11 0.000000e+00 -8.321267e-11 
1.401675e-01 2.722269e-11 0.000000e+00 -8.271373e-11 
1.401521e-01 2.635424e-11 0.000000e+00 -8.221016e-11 
1.401365e-01 2.548429e-11 0.000000e+00 -8.170199e-11 
1.401206e-01 2.461291e-11 0.000000e+00 -8.118923e-11 
1.401043e-01 2.374014e-11 0.000000e+00 -8.067189e-11 
1.400877e-01 2.286607e-11 0.000000e+00 -8.014998e-11 
1.400708e-01 2.199075e-11 0.000000e+00 -7.962353e-11 
1.400536e-01 2.111424e-11 0.000000e+00 -7.909253e-11 
1.400361e-01 2.023662e-11 0.000000e+00 -7.855702e-11 
1.400183e-01 1.935795e-11 0.000000e+00 -7.801700e-11 
1.400001e-01 1.847829e-11 0.000000e+00 -7.747248e-11 
1.399816e-01 1.759770e-11 0.000000e+00 -7.692349e-11 
1.399628e-01 1.671626e-11 0.000000e+00 -7.637004e-11 
1.399437e-01 1.583403e-11 0.000000e+00 -7.581215e-11 
1.399242e-01 1.495107e-11 0.000000e+00 -7.524982e-11 
1.399044e-01 1.406744e-11 0.000000e+00 -7.468309e-11 
1.398843e-01 1.318322e-11 0.000000e+00 -7.411197e-11 
1.398638e-01 1.229847e-11 0.000000e+00 -7.353647e-11 
1.398430e-01 1.141326e-11 0.000000e+00 -7.295661e-11 
1.398218e-01 1.052764e-11 0.000000e+00 -7.237241e-11 
1.398003e-01 9.641691e-12 0.000000e+00 -7.178390e-11 
1.397785e-01 8.755474e-12 0.000000e+00 -7.119108e-11 
1.397563e-01 7.869055e-12 0.000000e+00 -7.059398e-11 
1.397338e-01 6.982500e-12 0.000000e+00 -6.999261e-11 
1.397109e-01 6.095875e-12 0.000000e+00 -6.938701e-11 
1.396877e-01 5.209246e-12 0.000000e+00 -6.877718e-11 
1.396642e-01 4.322679e-12 0.000000e+00 -6.816315e-11 
1.396402e-01 3.436241e-12 0.000000e+00 -6.754494e-11 
1.396159e-01 2.549997e-12 0.000000e+00 -6.692256e-11 
1.395913e-01 1.664014e-12 0.000000e+00 -6.629606e-11 
1.395663e-01 7.783575e-13 0.000000e+00 -6.566543e-11 
1.395410e-01 -1.069058e-13 0.000000e+00 -6.503071e-11 
1.395153e-01 -9.917099e-13 0.000000e+00 -6.439192e-11 
1.394892e-01 -1.875989e-12 0.000000e+00 -6.374909e-11 
1.394627e-01 -2.759676e-12 0.000000e+00 -6.310222e-11 
1.394359e-01 -3.642705e-12 0.000000e+00 -6.245136e-11 
1.394087e-01 -4.525010e-12 0.000000e+00 -6.179652e-11 
1.393812e-01 -5.406525e-12 0.000000e+00 -6.113773e-11 
1.393533e-01 -6.287184e-12 0.000000e+00 -6.047501e-11 
1.393250e-01 -7.166921e-12 0.000000e+00 -5.980839e-11 
1.392963e-01 -8.045670e-12 0.000000e+00 -5.913788e-11 
1.392672e-01 -8.923364e-12 0.000000e+00 -5.846353e-11 
1.392378e-01 -9.799938e-12 0.000000e+00 -5.778535e-11 
1.392080e-01 -1.067533e-11 0.000000e+00 -5.710338e-11 
1.391778e-01 -1.154946e-11 0.000000e+00 -5.641763e-11 
1.391472e-01 -1.242228e-11 0.000000e+00 -5.572813e-11 
1.391162e-01 -1.329372e-11 0.000000e+00 -5.503492e-11 
1.390848e-01 -1.416370e-11 0.000000e+00 -5.433801e-11 
1.390531e-01 -1.503217e-11 0.000000e+00 -5.363745e-11 
1.390209e-01 -1.589907e-11 0.000000e+00 -5.293325e-11 
1.389884e-01 -1.676431e-11 0.000000e+00 -5.222544e-11 
1.389555e-01 -1.762785e-11 0.000000e+00 -5.151406e-11 
1.389221e-01 -1.848961e-11 0.000000e+00 -5.079914e-11 
1.388884e-01 -1.934954e-11 0.000000e+00 -5.008069e-11 
1.388543e-01 -2.020755e-11 0.000000e+00 -4.935876e-11 
1.388197e-01 -2.106360e-11 0.000000e+00 -4.863337e-11 
1.387848e-01 -2.191761e-11 0.000000e+00 -4.790456e-11 
1.387494e-01 -2.276952e-11 0.000000e+00 -4.717236e-11 
1.387137e-01 -2.361927e-11 0.000000e+00 -4.643679e-11 
1.386775e-01 -2.446680e-11 0.000000e+00 -4.569789e-11 
1.386409e-01 -2.531203e-11 0.000000e+00 -4.495569e-11 
1.386039e-01 -2.615490e-11 0.000000e+00 -4.421022e-11 
1.385665e-01 -2.699536e-11 0.000000e+00 -4.346152e-11 
1.385287e-01 -2.783333e-11 0.000000e+00 -4.270962e-11 
1.384904e-01 -2.866876e-11 0.000000e+00 -4.195455e-11 
1.384518e-01 -2.950158e-11 0.000000e+00 -4.119635e-11 
1.384127e-01 -3.033173e-11 0.000000e+00 -4.043505e-11 
1.383732e-01 -3.115915e-11 0.000000e+00 -3.967069e-11 
1.383332e-01 -3.198376e-11 0.000000e+00 -3.890329e-11 
1.382928e-01 -3.280552e-11 0.000000e+00 -3.813290e-11 
1.382520e-01 -3.362435e-11 0.000000e+00 -3.735955e-11 
1.382108e-01 -3.444021e-11 0.000000e+00 -3.658328e-11 
1.381691e-01 -3.525301e-11 0.000000e+00 -3.580412e-11 
1.381270e-01 -3.606271e-11 0.000000e+00 -3.502211e-11 
1.380845e-01 -3.686924e-11 0.000000e+00 -3.423728e-11 
1.380415e-01 -3.767255e-11 0.000000e+00 -3.344967e-11 
1.379981e-01 -3.847256e-11 0.000000e+00 -3.265933e-11 
1.379543e-01 -3.926923e-11 0.000000e+00 -3.186628e-11 
1.379100e-01 -4.006248e-11 0.000000e+00 -3.107056e-11 
1.378652e-01 -4.085226e-11 0.000000e+00 -3.027222e-11 
1.378200e-01 -4.163852e-11 0.000000e+00 -2.947129e-11 
1.377744e-01 -4.242118e-11 0.000000e+00 -2.866781e-11 
1.377283e-01 -4.320020e-11 0.000000e+00 -2.786182e-11 
1.376817e-01 -4.397550e-11 0.000000e+00 -2.705336e-11 
1.376347e-01 -4.474705e-11 0.000000e+00 -2.624247e-11 
1.375873e-01 -4.551477e-11 0.000000e+00 -2.542919e-11 
1.375393e-01 -4.627860e-11 0.000000e+00 -2.461356e-11 
1.374910e-01 -4.703850e-11 0.000000e+00 -2.379562e-11 
1.374421e-01 -4.779440e-11 0.000000e+00 -2.297541e-11 
1.373928e-01 -4.854625e-11 0.000000e+00 -2.215297e-11 
1.373431e-01 -4.929398e-11 0.000000e+00 -2.132835e-11 
1.372928e-01 -5.003755e-11 0.000000e+00 -2.050158e-11 
1.372421e-01 -5.077690e-11 0.000000e+00 -1.967271e-11 
1.371909e-01 -5.151197e-11 0.000000e+00 -1.884178e-11 
1.371393e-01 -5.224271e-11 0.000000e+00 -1.800883e-11 
1.370872e-01 -5.296905e-11 0.000000e+00 -1.717391e-11 
1.370346e-01 -5.369096e-11 0.000000e+00 -1.633706e-11 
1.369815e-01 -5.440836e-11 0.000000e+00 -1.549832e-11 
1.369280e-01 -5.512122e-11 0.000000e+00 -1.465773e-11 
1.368739e-01 -5.582947e-11 0.000000e+00 -1.381535e-11 
1.368194e-01 -5.653306e-11 0.000000e+00 -1.297122e-11 
1.367644e-01 -5.723194e-11 0.000000e+00 -1.212537e-11 
1.367090e-01 -5.792606e-11 0.000000e+00 -1.127786e-11 
1.366530e-01 -5.861537e-11 0.000000e+00 -1.042872e-11 
1.365965e-01 -5.929981e-11 0.000000e+00 -9.578018e-12 
1.365396e-01 -5.997933e-11 0.000000e+00 -8.725782e-12 
1.364821e-01 -6.065389e-11 0.000000e+00 -7.872063e-12 
1.364242e-01 -6.132342e-11 0.000000e+00 -7.016907e-12 
1.363658e-01 -6.198789e-11 0.000000e+00 -6.160360e-12 
1.363068e-01 -6.264724e-11 0.000000e+00 -5.302470e-12 
1.362474e-01 -6.330143e-11 0.000000e+00 -4.443283e-12 
1.361875e-01 -6.395040e-11 0.000000e+00 -3.582846e-12 
1.361271e-01 -6.459411e-11 0.000000e+00 -2.721206e-12 
1.360661e-01 -6.523251e-11 0.000000e+00 -1.858412e-12 
1.360047e-01 -6.586555e-11 0.000000e+00 -9.945115e-13 
1.359427e-01 -6.649319e-11 0.000000e+00 -1.295521e-13 
1.358803e-01 -6.711538e-11 0.000000e+00 7.364176e-13 
1.358173e-01 -6.773207e-11 0.000000e+00 1.603349e-12 
1.357538e-01 -6.834322e-11 0.000000e+00 2.471193e-12 
1.356898e-01 -6.894878e-11 0.000000e+00 3.339902e-12 
1.356253e-01 -6.954872e-11 0.000000e+00 4.209425e-12 
1.355602e-01 -7.014298e-11 0.000000e+00 5.079713e-12 
1.354947e-01 -7.073152e-11 0.000000e+00 5.950717e-12 
1.354286e-01 -7.131430e-11 0.000000e+00 6.822387e-12 
1.353620e-01 -7.189128e-11 0.000000e+00 7.694673e-12 
1.352949e-01 -7.246242e-11 0.000000e+00 8.567524e-12 
1.352272e-01 -7.302767e-11 0.000000e+00 9.440891e-12 
1.351591e-01 -7.358699e-11 0.000000e+00 1.031472e-11 
1.350904e-01 -7.414035e-11 0.000000e+00 1.118897e-11 
1.350211e-01 -7.468770e-11 0.000000e+00 1.206357e-11 
1.349513e-01 -7.522901e-11 0.000000e+00 1.293849e-11 
1.348810e-01 -7.576423e-11 0.000000e+00 1.381367e-11 
1.348102e-01 -7.629333e-11 0.000000e+00 1.468906e-11 
1.347388e-01 -7.681627e-11 0.000000e+00 1.556460e-11 
1.346669e-01 -7.733302e-11 0.000000e+00 1.644025e-11 
1.345944e-01 -7.784353e-11 0.000000e+00 1.731595e-11 
1.345214e-01 -7.834777e-11 0.000000e+00 1.819166e-11 
1.344479e-01 -7.884570e-11 0.000000e+00 1.906731e-11 
1.343738e-01 -7.933730e-11 0.000000e+00 1.994286e-11 
1.342991e-01 -7.982253e-11 0.000000e+00 2.081825e-11 
1.342239e-01 -8.030135e-11 0.000000e+00 2.169343e-11 
1.341482e-01 -8.077372e-11 0.000000e+00 2.256835e-11 
1.340719e-01 -8.123963e-11 0.000000e+00 2.344295e-11 
1.339950e-01 -8.169903e-11 0.000000e+00 2.431719e-11 
1.339176e-01 -8.215190e-11 0.000000e+00 2.519100e-11 
1.338396e-01 -8.259820e-11 0.000000e+00 2.606434e-11 
1.337611e-01 -8.303790e-11 0.000000e+00 2.693715e-11 
1.336820e-01 -8.347098e-11 0.000000e+00 2.780937e-11 
1.336024e-01 -8.389741e-11 0.000000e+00 2.868096e-11 
1.335222e-01 -8.431715e-11 0.000000e+00 2.955186e-11 
1.334414e-01 -8.473018e-11 0.000000e+00 3.042202e-11 
1.333600e-01 -8.513648e-11 0.000000e+00 3.129138e-11 
1.332781e-01 -8.553601e-11 0.000000e+00 3.215988e-11 
1.331956e-01 -8.592875e-11 0.000000e+00 3.302748e-11 
1.331125e-01 -8.631468e-11 0.000000e+00 3.389412e-11 
1.330289e-01 -8.669377e-11 0.000000e+00 3.475974e-11 
1.329447e-01 -8.706600e-11 0.000000e+00 3.562429e-11 
1.328599e-01 -8.743134e-11 0.000000e+00 3.648772e-11 
1.327745e-01 -8.778977e-11 0.000000e+00 3.734997e-11 
1.326886e-01 -8.814127e-11 0.000000e+00 3.821098e-11 
1.326020e-01 -8.848582e-11 0.000000e+00 3.907071e-11 
1.325149e-01 -8.882339e-11 0.000000e+00 3.992909e-11 
1.324272e-01 -8.915398e-11 0.000000e+00 4.078608e-11 
1.323389e-01 -8.947755e-11 0.000000e+00 4.164161e-11 
1.322500e-01 -8.979409e-11 0.000000e+00 4.249563e-11 
1.321606e-01 -9.010359e-11 0.000000e+00 4.334809e-11 
1.320705e-01 -9.040601e-11 0.000000e+00 4.419894e-11 
1.319798e-01 -9.070136e-11 0.000000e+00 4.504811e-11 
1.318886e-01 -9.098960e-11 0.000000e+00 4.589555e-11 
1.317967e-01 -9.127074e-11 0.000000e+00 4.674121e-11 
1.317043e-01 -9.154474e-11 0.000000e+00 4.758503e-11 
1.316112e-01 -9.181160e-11 0.000000e+00 4.842696e-11 
1.315176e-01 -9.207131e-11 0.000000e+00 4.926694e-11 
1.314233e-01 -9.232384e-11 0.000000e+00 5.010492e-11 
1.313285e-01 -9.256920e-11 0.000000e+00 5.094084e-11 
1.312330e-01 -9.280736e-11 0.000000e+00 5.177465e-11 
1.311370e-01 -9.303833e-11 0.000000e+00 5.260629e-11 
1.310403e-01 -9.326208e-11 0.000000e+00 5.343571e-11 
1.309430e-01 -9.347860e-11 0.000000e+00 5.426285e-11 
1.308451e-01 -9.368790e-11 0.000000e+00 5.508765e-11 
1.307466e-01 -9.388996e-11 0.000000e+00 5.591007e-11 
1.306474e-01 -9.408478e-11 0.000000e+00 5.673005e-11 
1.305477e-01 -9.427234e-11 0.000000e+00 5.754753e-11 
1.304473e-01 -9.445265e-11 0.000000e+00 5.836246e-11 
1.303463e-01 -9.462569e-11 0.000000e+00 5.917479e-11 
1.302447e-01 -9.479147e-11 0.000000e+00 5.998445e-11 
1.301425e-01 -9.494998e-11 0.000000e+00 6.079140e-11 
1.300396e-01 -9.510122e-11 0.000000e+00 6.159558e-11 
1.299362e-01 -9.524518e-11 0.000000e+00 6.239693e-11 
1.298320e-01 -9.538186e-11 0.000000e+00 6.319541e-11 
1.297273e-01 -9.551127e-11 0.000000e+00 6.399096e-11 
1.296219e-01 -9.563339e-11 0.000000e+00 6.478352e-11 
1.295159e-01 -9.574824e-11 0.000000e+00 6.557304e-11 
1.294093e-01 -9.585582e-11 0.000000e+00 6.635947e-11 
1.293020e-01 -9.595612e-11 0.000000e+00 6.714275e-11 
1.291941e-01 -9.604915e-11 0.000000e+00 6.792283e-11 
1.290856e-01 -9.613491e-11 0.000000e+00 6.869966e-11 
1.289764e-01 -9.621341e-11 0.000000e+00 6.947318e-11 
1.288665e-01 -9.628465e-11 0.000000e+00 7.024334e-11 
1.287561e-01 -9.634864e-11 0.000000e+00 7.101009e-11 
1.286449e-01 -9.640538e-11 0.000000e+00 7.177337e-11 
1.285332e-01 -9.645488e-11 0.000000e+00 7.253313e-11 
1.284208e-01 -9.649715e-11 0.000000e+00 7.328932e-11 
1.283077e-01 -9.653219e-11 0.000000e+00 7.404189e-11 
1.281940e-01 -9.656002e-11 0.000000e+00 7.479078e-11 
1.280796e-01 -9.658065e-11 0.000000e+00 7.553595e-11 
1.279646e-01 -9.659408e-11 0.000000e+00 7.627734e-11 
1.278489e-01 -9.660033e-11 0.000000e+00 7.701490e-11 
1.277326e-01 -9.659941e-11 0.000000e+00 7.774857e-11 
1.276156e-01 -9.659133e-11 0.000000e+00 7.847831e-11 
1.274980e-01 -9.657610e-11 0.000000e+00 7.920407e-11 
1.273797e-01 -9.655375e-11 0.000000e+00 7.992579e-11 
1.272607e-01 -9.652427e-11 0.000000e+00 8.064343e-11 
1.271410e-01 -9.648770e-11 0.000000e+00 8.135694e-11 
1.270207e-01 -9.644404e-11 0.000000e+00 8.206625e-11 
1.268998e-01 -9.639332e-11 0.000000e+00 8.277133e-11 
1.267781e-01 -9.633555e-11 0.000000e+00 8.347213e-11 
1.266558e-01 -9.627074e-11 0.000000e+00 8.416859e-11 
1.265329e-01 -9.619892e-11 0.000000e+00 8.486067e-11 
1.264092e-01 -9.612011e-11 0.000000e+00 8.554832e-11 
1.262849e-01 -9.603433e-11 0.000000e+00 8.623149e-11 
1.261599e-01 -9.594160e-11 0.000000e+00 8.691012e-11 
1.260342e-01 -9.584194e-11 0.000000e+00 8.758418e-11 
1.259079e-01 -9.573537e-11 0.000000e+00 8.825362e-11 
1.257808e-01 -9.562191e-11 0.000000e+00 8.891838e-11 
1.256531e-01 -9.550160e-11 0.000000e+00 8.957843e-11 
1.255247e-01 -9.537445e-11 0.000000e+00 9.023371e-11 
1.253956e-01 -9.524049e-11 0.000000e+00 9.088417e-11 
1.252659e-01 -9.509975e-11 0.000000e+00 9.152978e-11 
1.251354e-01 -9.495225e-11 0.000000e+00 9.217048e-11 
1.250042e-01 -9.479803e-11 0.000000e+00 9.280623e-11 
1.248724e-01 -9.463709e-11 0.000000e+00 9.343699e-11 
1.247399e-01 -9.446949e-11 0.000000e+00 9.406270e-11 
1.246067e-01 -9.429524e-11 0.000000e+00 9.468333e-11 
1.244728e-01 -9.411438e-11 0.000000e+00 9.529883e-11 
1.243381e-01 -9.392693e-11 0.000000e+00 9.590916e-11 
1.242028e-01 -9.373294e-11 0.000000e+00 9.651427e-11 
1.240668e-01 -9.353242e-11 0.000000e+00 9.711412e-11 
1.239301e-01 -9.332541e-11 0.000000e+00 9.770866e-11 
1.237927e-01 -9.311195e-11 0.000000e+00 9.829786e-11 
1.236546e-01 -9.289207e-11 0.000000e+00 9.888168e-11 
1.235158e-01 -9.266581e-11 0.000000e+00 9.946006e-11 
1.233763e-01 -9.243319e-11 0.000000e+00 1.000330e-10 
1.232360e-01 -9.219426e-11 0.000000e+00 1.006004e-10 
1.230951e-01 -9.194905e-11 0.000000e+00 1.011622e-10 
1.229535e-01 -9.169760e-11 0.000000e+00 1.017185e-10 
1.228111e-01 -9.143995e-11 0.000000e+00 1.022691e-10 
1.226680e-01 -9.117613e-11 0.000000e+00 1.028141e-10 
1.225243e-01 -9.090619e-11 0.000000e+00 1.033533e-10 
1.223798e-01 -9.063016e-11 0.000000e+00 1.038868e-10 
1.222346e-01 -9.034809e-11 0.000000e+00 1.044145e-10 
1.220886e-01 -9.006001e-11 0.000000e+00 1.049364e-10 
1.219420e-01 -8.976596e-11 0.000000e+00 1.054524e-10 
1.217946e-01 -8.946600e-11 0.000000e+00 1.059625e-10 
1.216465e-01 -8.916015e-11 0.000000e+00 1.064667e-10 
1.214977e-01 -8.884848e-11 0.000000e+00 1.069650e-10 
1.213481e-01 -8.853100e-11 0.000000e+00 1.074572e-10 
1.211979e-01 -8.820779e-11 0.000000e+00 1.079433e-10 
1.210469e-01 -8.787887e-11 0.000000e+00 1.084234e-10 
1.208952e-01 -8.754429e-11 0.000000e+00 1.088974e-10 
1.207427e-01 -8.720410e-11 0.000000e+00 1.093653e-10 
1.205895e-01 -8.685835e-11 0.000000e+00 1.098269e-10 
1.204356e-01 -8.650709e-11 0.000000e+00 1.102824e-10 
1.202809e-01 -8.615035e-11 0.000000e+00 1.107316e-10 
1.201256e-01 -8.578819e-11 0.000000e+00 1.111746e-10 
1.199694e-01 -8.542067e-11 0.000000e+00 1.116112e-10 
1.198126e-01 -8.504782e-11 0.000000e+00 1.120415e-10 
1.196550e-01 -8.466970e-11 0.000000e+00 1.124655e-10 
1.194966e-01 -8.428636e-11 0.000000e+00 1.128830e-10 
1.193375e-01 -8.389785e-11 0.000000e+00 1.132942e-10 
1.191777e-01 -8.350422e-11 0.000000e+00 1.136988e-10 
1.190171e-01 -8.310552e-11 0.000000e+00 1.140970e-10 
1.188558e-01 -8.270181e-11 0.000000e+00 1.144887e-10 
1.186937e-01 -8.229314e-11 0.000000e+00 1.148739e-10 
1.185309e-01 -8.187956e-11 0.000000e+00 1.152525e-10 
1.183674e-01 -8.146113e-11 0.000000e+00 1.156245e-10 
1.182030e-01 -8.103790e-11 0.000000e+00 1.159899e-10 
1.180380e-01 -8.060993e-11 0.000000e+00 1.163487e-10 
1.178722e-01 -8.017727e-11 0.000000e+00 1.167008e-10 
1.177056e-01 -7.973998e-11 0.000000e+00 1.170462e-10 
1.175382e-01 -7.929811e-11 0.000000e+00 1.173849e-10 
1.173701e-01 -7.885172e-11 0.000000e+00 1.177169e-10 
1.172013e-01 -7.840088e-11 0.000000e+00 1.180422e-10 
1.170317e-01 -7.794563e-11 0.000000e+00 1.183606e-10 
1.168613e-01 -7.748603e-11 0.000000e+00 1.186723e-10 
1.166902e-01 -7.702215e-11 0.000000e+00 1.189772e-10 
1.165183e-01 -7.655404e-11 0.000000e+00 1.192752e-10 
1.163456e-01 -7.608176e-11 0.000000e+00 1.195664e-10 
1.161722e-01 -7.560538e-11 0.000000e+00 1.198507e-10 
1.159980e-01 -7.512495e-11 0.000000e+00 1.201281e-10 
1.158230e-01 -7.464053e-11 0.000000e+00 1.203986e-10 
1.156473e-01 -7.415218e-11 0.000000e+00 1.206622e-10 
1.154707e-01 -7.365997e-11 0.000000e+00 1.209188e-10 
1.152935e-01 -7.316396e-11 0.000000e+00 1.211685e-10 
1.151154e-01 -7.266421e-11 0.000000e+00 1.214112e-10 
1.149366e-01 -7.216078e-11 0.000000e+00 1.216469e-10 
1.147570e-01 -7.165373e-11 0.000000e+00 1.218757e-10 
1.145766e-01 -7.114313e-11 0.000000e+00 1.220974e-10 
1.143954e-01 -7.062905e-11 0.000000e+00 1.223121e-10 
1.142135e-01 -7.011154e-11 0.000000e+00 1.225198e-10 
1.140307e-01 -6.959067e-11 0.000000e+00 1.227204e-10 
1.138472e-01 -6.906650e-11 0.000000e+00 1.229140e-10 
1.136629e-01 -6.853911e-11 0.000000e+00 1.231005e-10 
1.134778e-01 -6.800855e-11 0.000000e+00 1.232799e-10 
1.132920e-01 -6.747488e-11 0.000000e+00 1.234522e-10 
1.131053e-01 -6.693819e-11 0.000000e+00 1.236175e-10 
1.129179e-01 -6.639852e-11 0.000000e+00 1.237756e-10 
1.127296e-01 -6.585596e-11 0.000000e+00 1.239267e-10 
1.125406e-01 -6.531056e-11 0.000000e+00 1.240706e-10 
1.123508e-01 -6.476238e-11 0.000000e+00 1.242074e-10 
1.121602e-01 -6.421151e-11 0.000000e+00 1.243371e-10 
1.119688e-01 -6.365800e-11 0.000000e+00 1.244597e-10 
1.117766e-01 -6.310193e-11 0.000000e+00 1.245751e-10 
1.115836e-01 -6.254336e-11 0.000000e+00 1.246834e-10 
1.113898e-01 -6.198235e-11 0.000000e+00 1.247846e-10 
1.111952e-01 -6.141898e-11 0.000000e+00 1.248786e-10 
1.109998e-01 -6.085332e-11 0.000000e+00 1.249655e-10 
1.108035e-01 -6.028543e-11 0.000000e+00 1.250452e-10 
1.106065e-01 -5.971538e-11 0.000000e+00 1.251178e-10 
1.104087e-01 -5.914324e-11 0.000000e+00 1.251833e-10 
1.102101e-01 -5.856908e-11 0.000000e+00 1.252416e-10 
1.100107e-01 -5.799297e-11 0.000000e+00 1.252928e-10 
1.098105e-01 -5.741498e-11 0.000000e+00 1.253369e-10 
1.096094e-01 -5.683518e-11 0.000000e+00 1.253739e-10 
1.094076e-01 -5.625363e-11 0.000000e+00 1.254037e-10 
1.092049e-01 -5.567041e-11 0.000000e+00 1.254264e-10 
1.090014e-01 -5.508559e-11 0.000000e+00 1.254420e-10 
1.087971e-01 -5.449924e-11 0.000000e+00 1.254505e-10 
1.085920e-01 -5.391142e-11 0.000000e+00 1.254519e-10 
1.083861e-01 -5.332220e-11 0.000000e+00 1.254462e-10 
1.081794e-01 -5.273167e-11 0.000000e+00 1.254334e-10 
1.079718e-01 -5.213988e-11 0.000000e+00 1.254136e-10 
1.077635e-01 -5.154691e-11 0.000000e+00 1.253867e-10 
1.075543e-01 -5.095282e-11 0.000000e+00 1.253527e-10 
1.073443e-01 -5.035770e-11 0.000000e+00 1.253117e-10 
1.071334e-01 -4.976160e-11 0.000000e+00 1.252637e-10 
1.069218e-01 -4.916460e-11 0.000000e+00 1.252086e-10 
1.067093e-01 -4.856677e-11 0.000000e+00 1.251466e-10 
1.064960e-01 -4.796818e-11 0.000000e+00 1.250775e-10 
1.062818e-01 -4.736889e-11 0.000000e+00 1.250015e-10 
1.060668e-01 -4.676899e-11 0.000000e+00 1.249186e-10 
1.058510e-01 -4.616854e-11 0.000000e+00 1.248286e-10 
1.056344e-01 -4.556762e-11 0.000000e+00 1.247318e-10 
1.054169e-01 -4.496628e-11 0.000000e+00 1.246280e-10 
1.051987e-01 -4.436460e-11 0.000000e+00 1.245174e-10 
1.049795e-01 -4.376266e-11 0.000000e+00 1.243999e-10 
1.047596e-01 -4.316052e-11 0.000000e+00 1.242755e-10 
1.045388e-01 -4.255825e-11 0.000000e+00 1.241443e-10 
1.043171e-01 -4.195592e-11 0.000000e+00 1.240062e-10 
1.040946e-01 -4.135360e-11 0.000000e+00 1.238614e-10 
1.038713e-01 -4.075137e-11 0.000000e+00 1.237098e-10 
1.036472e-01 -4.014929e-11 0.000000e+00 1.235514e-10 
1.034222e-01 -3.954743e-11 0.000000e+00 1.233864e-10 
1.031963e-01 -3.894586e-11 0.000000e+00 1.232146e-10 
1.029697e-01 -3.834465e-11 0.000000e+00 1.230361e-10 
1.027421e-01 -3.774387e-11 0.000000e+00 1.228510e-10 
1.025137e-01 -3.714358e-11 0.000000e+00 1.226593e-10 
1.022845e-01 -3.654387e-11 0.000000e+00 1.224609e-10 
1.020545e-01 -3.594479e-11 0.000000e+00 1.222560e-10 
1.018235e-01 -3.534641e-11 0.000000e+00 1.220445e-10 
1.015918e-01 -3.474880e-11 0.000000e+00 1.218266e-10 
1.013591e-01 -3.415204e-11 0.000000e+00 1.216021e-10 
1.011257e-01 -3.355618e-11 0.000000e+00 1.213711e-10 
1.008913e-01 -3.296130e-11 0.000000e+00 1.211338e-10 
1.006562e-01 -3.236747e-11 0.000000e+00 1.208900e-10 
1.004201e-01 -3.177474e-11 0.000000e+00 1.206399e-10 
1.001832e-01 -3.118319e-11 0.000000e+00 1.203834e-10 
9.994548e-02 -3.059289e-11 0.000000e+00 1.201206e-10 
9.970687e-02 -3.000390e-11 0.000000e+00 1.198516e-10 
9.946740e-02 -2.941628e-11 0.000000e+00 1.195763e-10 
9.922707e-02 -2.883011e-11 0.000000e+00 1.192948e-10 
9.898588e-02 -2.824544e-11 0.000000e+00 1.190072e-10 
9.874383e-02 -2.766235e-11 0.000000e+00 1.187134e-10 
9.850091e-02 -2.708090e-11 0.000000e+00 1.184135e-10 
9.825713e-02 -2.650115e-11 0.000000e+00 1.181076e-10 
9.801248e-02 -2.592317e-11 0.000000e+00 1.177957e-10 
9.776696e-02 -2.534702e-11 0.000000e+00 1.174777e-10 
9.752058e-02 -2.477277e-11 0.000000e+00 1.171539e-10 
9.727333e-02 -2.420048e-11 0.000000e+00 1.168241e-10 
9.702521e-02 -2.363020e-11 0.000000e+00 1.164884e-10 
9.677622e-02 -2.306202e-11 0.000000e+00 1.161470e-10 
9.652635e-02 -2.249597e-11 0.000000e+00 1.157997e-10 
9.627561e-02 -2.193214e-11 0.000000e+00 1.154468e-10 
9.602400e-02 -2.137058e-11 0.000000e+00 1.150881e-10 
9.577152e-02 -2.081135e-11 0.000000e+00 1.147238e-10 
9.551815e-02 -2.025451e-11 0.000000e+00 1.143538e-10 
9.526392e-02 -1.970012e-11 0.000000e+00 1.139783e-10 
9.500880e-02 -1.914825e-11 0.000000e+00 1.135973e-10 
9.475280e-02 -1.859895e-11 0.000000e+00 1.132108e-10 
9.449593e-02 -1.805227e-11 0.000000e+00 1.128189e-10 
9.423817e-02 -1.750829e-11 0.000000e+00 1.124215e-10 
9.397953e-02 -1.696705e-11 0.000000e+00 1.120189e-10 
9.372001e-02 -1.642862e-11 0.000000e+00 1.116109e-10 
9.345961e-02 -1.589305e-11 0.000000e+00 1.111977e-10 
9.319832e-02 -1.536040e-11 0.000000e+00 1.107794e-10 
9.293615e-02 -1.483072e-11 0.000000e+00 1.103558e-10 
9.267309e-02 -1.430407e-11 0.000000e+00 1.099272e-10 
9.240914e-02 -1.378050e-11 0.000000e+00 1.094935e-10 
9.214430e-02 -1.326008e-11 0.000000e+00 1.090549e-10 
9.187857e-02 -1.274285e-11 0.000000e+00 1.086113e-10 
9.161196e-02 -1.222887e-11 0.000000e+00 1.081628e-10 
9.134445e-02 -1.171819e-11 0.000000e+00 1.077094e-10 
9.107605e-02 -1.121086e-11 0.000000e+00 1.072513e-10 
9.080675e-02 -1.070693e-11 0.000000e+00 1.067884e-10 
9.053656e-02 -1.020646e-11 0.000000e+00 1.063209e-10 
9.026548e-02 -9.709502e-12 0.000000e+00 1.058487e-10 
8.999350e-02 -9.216098e-12 0.000000e+00 1.053719e-10 
8.972063e-02 -8.726300e-12 0.000000e+00 1.048906e-10 
8.944685e-02 -8.240159e-12 0.000000e+00 1.044049e-10 
8.917218e-02 -7.757721e-12 0.000000e+00 1.039148e-10 
8.889660e-02 -7.279036e-12 0.000000e+00 1.034203e-10 
8.862013e-02 -6.804150e-12 0.000000e+00 1.029215e-10 
8.834276e-02 -6.333111e-12 0.000000e+00 1.024184e-10 
8.806448e-02 -5.865963e-12 0.000000e+00 1.019112e-10 
8.778530e-02 -5.402753e-12 0.000000e+00 1.013999e-10 
8.750521e-02 -4.943524e-12 0.000000e+00 1.008845e-10 
8.722422e-02 -4.488322e-12 0.000000e+00 1.003651e-10 
8.694232e-02 -4.037190e-12 0.000000e+00 9.984170e-11 
8.665952e-02 -3.590170e-12 0.000000e+00 9.931446e-11 
8.637581e-02 -3.147304e-12 0.000000e+00 9.878338e-11 
8.609118e-02 -2.708634e-12 0.000000e+00 9.824854e-11 
8.580565e-02 -2.274201e-12 0.000000e+00 9.770999e-11 
8.551921e-02 -1.844044e-12 0.000000e+00 9.716779e-11 
8.523186e-02 -1.418204e-12 0.000000e+00 9.662201e-11 
8.494359e-02 -9.967176e-13 0.000000e+00 9.607271e-11 
8.465441e-02 -5.796243e-13 0.000000e+00 9.551994e-11 
8.436432e-02 -1.669609e-13 0.000000e+00 9.496378e-11 
8.407331e-02 2.412361e-13 0.000000e+00 9.440427e-11 
8.378138e-02 6.449309e-13 0.000000e+00 9.384150e-11 
8.348854e-02 1.044088e-12 0.000000e+00 9.327551e-11 
8.319478e-02 1.438674e-12 0.000000e+00 9.270638e-11 
8.290011e-02 1.828655e-12 0.000000e+00 9.213417e-11 
8.260451e-02 2.213998e-12 0.000000e+00 9.155894e-11 
8.230799e-02 2.594670e-12 0.000000e+00 9.098075e-11 
8.201055e-02 2.970641e-12 0.000000e+00 9.039968e-11 
8.171219e-02 3.341880e-12 0.000000e+00 8.981578e-11 
8.141290e-02 3.708357e-12 0.000000e+00 8.922912e-11 
8.111270e-02 4.070043e-12 0.000000e+00 8.863977e-11 
8.081156e-02 4.426910e-12 0.000000e+00 8.804780e-11 
8.050950e-02 4.778930e-12 0.000000e+00 8.745326e-11 
8.020652e-02 5.126078e-12 0.000000e+00 8.685623e-11 
7.990261e-02 5.468325e-12 0.000000e+00 8.625678e-11 
7.959777e-02 5.805649e-12 0.000000e+00 8.565496e-11 
7.929200e-02 6.138024e-12 0.000000e+00 8.505085e-11 
7.898530e-02 6.465427e-12 0.000000e+00 8.444451e-11 
7.867767e-02 6.787836e-12 0.000000e+00 8.383601e-11 
7.836911e-02 7.105228e-12 0.000000e+00 8.322542e-11 
7.805962e-02 7.417583e-12 0.000000e+00 8.261281e-11 
7.774919e-02 7.724880e-12 0.000000e+00 8.199825e-11 
7.743783e-02 8.027100e-12 0.000000e+00 8.138179e-11 
7.712554e-02 8.324224e-12 0.000000e+00 8.076352e-11 
7.681231e-02 8.616235e-12 0.000000e+00 8.014350e-11 
7.649814e-02 8.903117e-12 0.000000e+00 7.952180e-11 
7.618303e-02 9.184852e-12 0.000000e+00 7.889848e-11 
7.586699e-02 9.461427e-12 0.000000e+00 7.827362e-11 
7.555001e-02 9.732826e-12 0.000000e+00 7.764728e-11 
7.523209e-02 9.999037e-12 0.000000e+00 7.701954e-11 
7.491323e-02 1.026005e-11 0.000000e+00 7.639047e-11 
7.459343e-02 1.051584e-11 0.000000e+00 7.576012e-11 
7.427268e-02 1.076641e-11 0.000000e+00 7.512858e-11 
7.395100e-02 1.101175e-11 0.000000e+00 7.449592e-11 
7.362837e-02 1.125185e-11 0.000000e+00 7.386219e-11 
7.330479e-02 1.148670e-11 0.000000e+00 7.322748e-11 
7.298027e-02 1.171628e-11 0.000000e+00 7.259184e-11 
7.265481e-02 1.194061e-11 0.000000e+00 7.195536e-11 
7.232839e-02 1.215966e-11 0.000000e+00 7.131810e-11 
7.200103e-02 1.237344e-11 0.000000e+00 7.068013e-11 
7.167272e-02 1.258194e-11 0.000000e+00 7.004152e-11 
7.134346e-02 1.278516e-11 0.000000e+00 6.940234e-11 
7.101326e-02 1.298310e-11 0.000000e+00 6.876266e-11 
7.068210e-02 1.317575e-11 0.000000e+00 6.812255e-11 
7.034999e-02 1.336312e-11 0.000000e+00 6.748209e-11 
7.001692e-02 1.354521e-11 0.000000e+00 6.684133e-11 
6.968291e-02 1.372201e-11 0.000000e+00 6.620035e-11 
6.934794e-02 1.389354e-11 0.000000e+00 6.555923e-11 
6.901201e-02 1.405979e-11 0.000000e+00 6.491802e-11 
6.867514e-02 1.422077e-11 0.000000e+00 6.427680e-11 
6.833730e-02 1.437648e-11 0.000000e+00 6.363564e-11 
6.799851e-02 1.452694e-11 0.000000e+00 6.299461e-11 
6.765876e-02 1.467214e-11 0.000000e+00 6.235378e-11 
6.731805e-02 1.481211e-11 0.000000e+00 6.171322e-11 
6.697638e-02 1.494683e-11 0.000000e+00 6.107299e-11 
6.663376e-02 1.507633e-11 0.000000e+00 6.043317e-11 
6.629017e-02 1.520062e-11 0.000000e+00 5.979383e-11 
6.594562e-02 1.531971e-11 0.000000e+00 5.915503e-11 
6.560011e-02 1.543361e-11 0.000000e+00 5.851684e-11 
6.525363e-02 1.554233e-11 0.000000e+00 5.787934e-11 
6.490620e-02 1.564590e-11 0.000000e+00 5.724258e-11 
6.455779e-02 1.574432e-11 0.000000e+00 5.660664e-11 
6.420843e-02 1.583761e-11 0.000000e+00 5.597160e-11 
6.385809e-02 1.592579e-11 0.000000e+00 5.533750e-11 
6.350680e-02 1.600888e-11 0.000000e+00 5.470443e-11 
6.315453e-02 1.608690e-11 0.000000e+00 5.407245e-11 
6.280130e-02 1.615986e-11 0.000000e+00 5.344163e-11 
6.244709e-02 1.622779e-11 0.000000e+00 5.281204e-11 
6.209192e-02 1.629072e-11 0.000000e+00 5.218373e-11 
6.173578e-02 1.634866e-11 0.000000e+00 5.155679e-11 
6.137867e-02 1.640163e-11 0.000000e+00 5.093127e-11 
6.102058e-02 1.644967e-11 0.000000e+00 5.030725e-11 
6.066152e-02 1.649280e-11 0.000000e+00 4.968478e-11 
6.030149e-02 1.653105e-11 0.000000e+00 4.906394e-11 
5.994049e-02 1.656444e-11 0.000000e+00 4.844479e-11 
5.957851e-02 1.659300e-11 0.000000e+00 4.782739e-11 
5.921556e-02 1.661676e-11 0.000000e+00 4.721182e-11 
5.885163e-02 1.663576e-11 0.000000e+00 4.659813e-11 
5.848673e-02 1.665002e-11 0.000000e+00 4.598638e-11 
5.812085e-02 1.665958e-11 0.000000e+00 4.537666e-11 
5.775399e-02 1.666447e-11 0.000000e+00 4.476901e-11 
5.738615e-02 1.666473e-11 0.000000e+00 4.416350e-11 
5.701733e-02 1.666038e-11 0.000000e+00 4.356019e-11 
5.664753e-02 1.665147e-11 0.000000e+00 4.295915e-11 
5.627676e-02 1.663804e-11 0.000000e+00 4.236044e-11 
5.590500e-02 1.662011e-11 0.000000e+00 4.176412e-11 
5.553226e-02 1.659774e-11 0.000000e+00 4.117025e-11 
5.515853e-02 1.657095e-11 0.000000e+00 4.057889e-11 
5.478383e-02 1.653980e-11 0.000000e+00 3.999012e-11 
5.440814e-02 1.650432e-11 0.000000e+00 3.940397e-11 
5.403146e-02 1.646456e-11 0.000000e+00 3.882052e-11 
5.365380e-02 1.642055e-11 0.000000e+00 3.823983e-11 
5.327516e-02 1.637235e-11 0.000000e+00 3.766195e-11 
5.289552e-02 1.632000e-11 0.000000e+00 3.708694e-11 
5.251490e-02 1.626355e-11 0.000000e+00 3.651486e-11 
5.213330e-02 1.620303e-11 0.000000e+00 3.594578e-11 
5.175070e-02 1.613851e-11 0.000000e+00 3.537973e-11 
5.136711e-02 1.607003e-11 0.000000e+00 3.481680e-11 
5.098254e-02 1.599764e-11 0.000000e+00 3.425702e-11 
5.059697e-02 1.592139e-11 0.000000e+00 3.370046e-11 
5.021042e-02 1.584133e-11 0.000000e+00 3.314717e-11 
4.982287e-02 1.575751e-11 0.000000e+00 3.259720e-11 
4.943432e-02 1.567000e-11 0.000000e+00 3.205062e-11 
4.904479e-02 1.557883e-11 0.000000e+00 3.150747e-11 
4.865426e-02 1.548408e-11 0.000000e+00 3.096781e-11 
4.826274e-02 1.538579e-11 0.000000e+00 3.043169e-11 
4.787022e-02 1.528402e-11 0.000000e+00 2.989916e-11 
4.747671e-02 1.517883e-11 0.000000e+00 2.937028e-11 
4.708220e-02 1.507028e-11 0.000000e+00 2.884509e-11 
4.668669e-02 1.495843e-11 0.000000e+00 2.832365e-11 
4.629019e-02 1.484333e-11 0.000000e+00 2.780601e-11 
4.589269e-02 1.472505e-11 0.000000e+00 2.729222e-11 
4.549419e-02 1.460366e-11 0.000000e+00 2.678232e-11 
4.509469e-02 1.447921e-11 0.000000e+00 2.627637e-11 
4.469419e-02 1.435177e-11 0.000000e+00 2.577441e-11 
4.429269e-02 1.422140e-11 0.000000e+00 2.527648e-11 
4.389018e-02 1.408817e-11 0.000000e+00 2.478264e-11 
4.348668e-02 1.395215e-11 0.000000e+00 2.429294e-11 
4.308217e-02 1.381340e-11 0.000000e+00 2.380740e-11 
4.267666e-02 1.367199e-11 0.000000e+00 2.332609e-11 
4.227015e-02 1.352799e-11 0.000000e+00 2.284905e-11 
4.186263e-02 1.338147e-11 0.000000e+00 2.237631e-11 
4.145411e-02 1.323250e-11 0.000000e+00 2.190793e-11 
4.104458e-02 1.308115e-11 0.000000e+00 2.144393e-11 
4.063405e-02 1.292750e-11 0.000000e+00 2.098437e-11 
4.022251e-02 1.277161e-11 0.000000e+00 2.052929e-11 
3.980996e-02 1.261356e-11 0.000000e+00 2.007871e-11 
3.939641e-02 1.245342e-11 0.000000e+00 1.963270e-11 
3.898184e-02 1.229127e-11 0.000000e+00 1.919127e-11 
3.856627e-02 1.212719e-11 0.000000e+00 1.875447e-11 
3.814969e-02 1.196125e-11 0.000000e+00 1.832234e-11 
3.773210e-02 1.179354e-11 0.000000e+00 1.789491e-11 
3.731349e-02 1.162412e-11 0.000000e+00 1.747222e-11 
3.689388e-02 1.145308e-11 0.000000e+00 1.705430e-11 
3.647325e-02 1.128049e-11 0.000000e+00 1.664119e-11 
3.605161e-02 1.110645e-11 0.000000e+00 1.623292e-11 
3.562896e-02 1.093102e-11 0.000000e+00 1.582952e-11 
3.520529e-02 1.075429e-11 0.000000e+00 1.543102e-11 
3.478061e-02 1.057635e-11 0.000000e+00 1.503746e-11 
3.435492e-02 1.039728e-11 0.000000e+00 1.464887e-11 
3.392821e-02 1.021716e-11 0.000000e+00 1.426527e-11 
3.350048e-02 1.003608e-11 0.000000e+00 1.388669e-11 
3.307174e-02 9.854118e-12 0.000000e+00 1.351316e-11 
3.264198e-02 9.671367e-12 0.000000e+00 1.314471e-11 
3.221120e-02 9.487914e-12 0.000000e+00 1.278136e-11 
3.177940e-02 9.303845e-12 0.000000e+00 1.242313e-11 
3.134659e-02 9.119249e-12 0.000000e+00 1.207006e-11 
3.091276e-02 8.934216e-12 0.000000e+00 1.172217e-11 
3.047790e-02 8.748836e-12 0.000000e+00 1.137947e-11 
3.004203e-02 8.563199e-12 0.000000e+00 1.104200e-11 
2.960513e-02 8.377396e-12 0.000000e+00 1.070976e-11 
2.916722e-02 8.191521e-12 0.000000e+00 1.038278e-11 
2.872828e-02 8.005666e-12 0.000000e+00 1.006108e-11 
2.828832e-02 7.819923e-12 0.000000e+00 9.744682e-12 
2.784733e-02 7.634389e-12 0.000000e+00 9.433592e-12 
2.740533e-02 7.449157e-12 0.000000e+00 9.127830e-12 
2.696229e-02 7.264322e-12 0.000000e+00 8.827412e-12 
2.651824e-02 7.079982e-12 0.000000e+00 8.532350e-12 
2.607316e-02 6.896233e-12 0.000000e+00 8.242658e-12 
2.562705e-02 6.713172e-12 0.000000e+00 7.958345e-12 
2.517992e-02 6.530898e-12 0.000000e+00 7.679424e-12 
2.473175e-02 6.349509e-12 0.000000e+00 7.405901e-12 
2.428257e-02 6.169104e-12 0.000000e+00 7.137785e-12 
2.383235e-02 5.989783e-12 0.000000e+00 6.875082e-12 
2.338111e-02 5.811646e-12 0.000000e+00 6.617797e-12 
2.292883e-02 5.634793e-12 0.000000e+00 6.365932e-12 
2.247553e-02 5.459325e-12 0.000000e+00 6.119490e-12 
2.202120e-02 5.285342e-12 0.000000e+00 5.878471e-12 
2.156584e-02 5.112946e-12 0.000000e+00 5.642873e-12 
2.110944e-02 4.942236e-12 0.000000e+00 5.412693e-12 
2.065202e-02 4.773315e-12 0.000000e+00 5.187925e-12 
2.019356e-02 4.606280e-12 0.000000e+00 4.968562e-12 
1.973407e-02 4.441233e-12 0.000000e+00 4.754595e-12 
1.927355e-02 4.278271e-12 0.000000e+00 4.546013e-12 
1.881199e-02 4.117491e-12 0.000000e+00 4.342801e-12 
1.834940e-02 3.958991e-12 0.000000e+00 4.144944e-12 
1.788577e-02 3.802864e-12 0.000000e+00 3.952423e-12 
1.742111e-02 3.649203e-12 0.000000e+00 3.765216e-12 
1.695542e-02 3.498096e-12 0.000000e+00 3.583299e-12 
1.648869e-02 3.349631e-12 0.000000e+00 3.406646e-12 
1.602092e-02 3.203892e-12 0.000000e+00 3.235227e-12 
1.555212e-02 3.060957e-12 0.000000e+00 3.069007e-12 
1.508227e-02 2.920902e-12 0.000000e+00 2.907951e-12 
1.461139e-02 2.783796e-12 0.000000e+00 2.752018e-12 
1.413947e-02 2.649704e-12 0.000000e+00 2.601164e-12 
1.366652e-02 2.518684e-12 0.000000e+00 2.455341e-12 
1.319252e-02 2.390785e-12 0.000000e+00 2.314497e-12 
1.271748e-02 2.266052e-12 0.000000e+00 2.178575e-12 
1.224141e-02 2.144518e-12 0.000000e+00 2.047515e-12 
1.176429e-02 2.026209e-12 0.000000e+00 1.921249e-12 
1.128613e-02 1.911139e-12 0.000000e+00 1.799707e-12 
1.080693e-02 1.799313e-12 0.000000e+00 1.682809e-12 
1.032669e-02 1.690722e-12 0.000000e+00 1.570471e-12 
9.845399e-03 1.585347e-12 0.000000e+00 1.462603e-12 
9.363070e-03 1.483155e-12 0.000000e+00 1.359105e-12 
8.879697e-03 1.384098e-12 0.000000e+00 1.259869e-12 
8.395280e-03 1.288116e-12 0.000000e+00 1.164777e-12 
7.909819e-03 1.195133e-12 0.000000e+00 1.073703e-12 
7.423312e-03 1.105057e-12 0.000000e+00 9.865047e-13 
6.935760e-03 1.017783e-12 0.000000e+00 9.030306e-13 
6.447162e-03 9.331898e-13 0.000000e+00 8.231125e-13 
5.957517e-03 8.511408e-13 0.000000e+00 7.465671e-13 
5.466826e-03 7.714859e-13 0.000000e+00 6.731931e-13 
4.975088e-03 6.940610e-13 0.000000e+00 6.027708e-13 
4.482301e-03 6.186897e-13 0.000000e+00 5.350602e-13 
3.988466e-03 5.451850e-13 0.000000e+00 4.698012e-13 
3.493583e-03 4.733504e-13 0.000000e+00 4.067134e-13 
2.997651e-03 4.029829e-13 0.000000e+00 3.454978e-13 
2.500669e-03 3.338749e-13 0.000000e+00 2.858402e-13 
2.002637e-03 2.658172e-13 0.000000e+00 2.274171e-13 
1.503554e-03 1.986018e-13 0.000000e+00 1.699058e-13 
1.003421e-03 1.320246e-13 0.000000e+00 1.129998e-13 
5.022364e-04 6.588755e-14 0.000000e+00 5.643050e-14 
0.000000e+00 0.000000e+00 0.000000e+00 0.000000e+00 
