time=350.000000
u1[0] u1[1] u2[0] u2[1]n1.381786e-01 0.000000e+00 0.000000e+00 0.000000e+00 
1.381786e-01 6.734104e-12 0.000000e+00 -9.237733e-13 
1.381788e-01 1.347228e-11 0.000000e+00 -1.823174e-12 
1.381790e-01 2.020999e-11 0.000000e+00 -2.713933e-12 
1.381794e-01 2.694617e-11 0.000000e+00 -3.601047e-12 
1.381799e-01 3.368009e-11 0.000000e+00 -4.486520e-12 
1.381805e-01 4.041114e-11 0.000000e+00 -5.371285e-12 
1.381812e-01 4.713874e-11 0.000000e+00 -6.255783e-12 
1.381820e-01 5.386235e-11 0.000000e+00 -7.140201e-12 
1.381830e-01 6.058145e-11 0.000000e+00 -8.024588e-12 
1.381840e-01 6.729550e-11 0.000000e+00 -8.908918e-12 
1.381852e-01 7.400397e-11 0.000000e+00 -9.793127e-12 
1.381865e-01 8.070634e-11 0.000000e+00 -1.067713e-11 
1.381879e-01 8.740206e-11 0.000000e+00 -1.156083e-11 
1.381894e-01 9.409060e-11 0.000000e+00 -1.244413e-11 
1.381910e-01 1.007714e-10 0.000000e+00 -1.332694e-11 
1.381927e-01 1.074440e-10 0.000000e+00 -1.420917e-11 
1.381945e-01 1.141078e-10 0.000000e+00 -1.509074e-11 
1.381964e-01 1.207623e-10 0.000000e+00 -1.597158e-11 
1.381985e-01 1.274070e-10 0.000000e+00 -1.685161e-11 
1.382006e-01 1.340412e-10 0.000000e+00 -1.773077e-11 
1.382029e-01 1.406646e-10 0.000000e+00 -1.860900e-11 
1.382053e-01 1.472765e-10 0.000000e+00 -1.948624e-11 
1.382078e-01 1.538765e-10 0.000000e+00 -2.036245e-11 
1.382104e-01 1.604640e-10 0.000000e+00 -2.123757e-11 
1.382131e-01 1.670386e-10 0.000000e+00 -2.211155e-11 
1.382159e-01 1.735996e-10 0.000000e+00 -2.298437e-11 
1.382188e-01 1.801466e-10 0.000000e+00 -2.385597e-11 
1.382218e-01 1.866791e-10 0.000000e+00 -2.472631e-11 
1.382249e-01 1.931966e-10 0.000000e+00 -2.559537e-11 
1.382282e-01 1.996986e-10 0.000000e+00 -2.646310e-11 
1.382315e-01 2.061846e-10 0.000000e+00 -2.732946e-11 
1.382350e-01 2.126540e-10 0.000000e+00 -2.819443e-11 
1.382386e-01 2.191065e-10 0.000000e+00 -2.905796e-11 
1.382422e-01 2.255414e-10 0.000000e+00 -2.992004e-11 
1.382460e-01 2.319584e-10 0.000000e+00 -3.078061e-11 
1.382499e-01 2.383570e-10 0.000000e+00 -3.163966e-11 
1.382539e-01 2.447366e-10 0.000000e+00 -3.249715e-11 
1.382580e-01 2.510968e-10 0.000000e+00 -3.335305e-11 
1.382622e-01 2.574371e-10 0.000000e+00 -3.420732e-11 
1.382665e-01 2.637570e-10 0.000000e+00 -3.505994e-11 
1.382709e-01 2.700561e-10 0.000000e+00 -3.591088e-11 
1.382754e-01 2.763340e-10 0.000000e+00 -3.676010e-11 
1.382800e-01 2.825900e-10 0.000000e+00 -3.760758e-11 
1.382847e-01 2.888239e-10 0.000000e+00 -3.845328e-11 
1.382896e-01 2.950351e-10 0.000000e+00 -3.929718e-11 
1.382945e-01 3.012231e-10 0.000000e+00 -4.013924e-11 
1.382995e-01 3.073876e-10 0.000000e+00 -4.097943e-11 
1.383046e-01 3.135280e-10 0.000000e+00 -4.181774e-11 
1.383099e-01 3.196440e-10 0.000000e+00 -4.265411e-11 
1.383152e-01 3.257350e-10 0.000000e+00 -4.348853e-11 
1.383206e-01 3.318006e-10 0.000000e+00 -4.432097e-11 
1.383262e-01 3.378404e-10 0.000000e+00 -4.515140e-11 
1.383318e-01 3.438539e-10 0.000000e+00 -4.597979e-11 
1.383375e-01 3.498408e-10 0.000000e+00 -4.680611e-11 
1.383434e-01 3.558005e-10 0.000000e+00 -4.763033e-11 
1.383493e-01 3.617326e-10 0.000000e+00 -4.845244e-11 
1.383553e-01 3.676368e-10 0.000000e+00 -4.927239e-11 
1.383615e-01 3.735125e-10 0.000000e+00 -5.009017e-11 
1.383677e-01 3.793593e-10 0.000000e+00 -5.090574e-11 
1.383740e-01 3.851769e-10 0.000000e+00 -5.171909e-11 
1.383804e-01 3.909648e-10 0.000000e+00 -5.253018e-11 
1.383870e-01 3.967225e-10 0.000000e+00 -5.333900e-11 
1.383936e-01 4.024497e-10 0.000000e+00 -5.414552e-11 
1.384003e-01 4.081460e-10 0.000000e+00 -5.494972e-11 
1.384071e-01 4.138109e-10 0.000000e+00 -5.575158e-11 
1.384140e-01 4.194440e-10 0.000000e+00 -5.655107e-11 
1.384210e-01 4.250449e-10 0.000000e+00 -5.734817e-11 
1.384280e-01 4.306132e-10 0.000000e+00 -5.814288e-11 
1.384352e-01 4.361486e-10 0.000000e+00 -5.893516e-11 
1.384425e-01 4.416505e-10 0.000000e+00 -5.972501e-11 
1.384498e-01 4.471186e-10 0.000000e+00 -6.051240e-11 
1.384573e-01 4.525526e-10 0.000000e+00 -6.129733e-11 
1.384648e-01 4.579519e-10 0.000000e+00 -6.207979e-11 
1.384724e-01 4.633163e-10 0.000000e+00 -6.285975e-11 
1.384802e-01 4.686453e-10 0.000000e+00 -6.363721e-11 
1.384880e-01 4.739386e-10 0.000000e+00 -6.441217e-11 
1.384958e-01 4.791957e-10 0.000000e+00 -6.518461e-11 
1.385038e-01 4.844163e-10 0.000000e+00 -6.595454e-11 
1.385119e-01 4.896000e-10 0.000000e+00 -6.672195e-11 
1.385200e-01 4.947464e-10 0.000000e+00 -6.748684e-11 
1.385283e-01 4.998551e-10 0.000000e+00 -6.824921e-11 
1.385366e-01 5.049259e-10 0.000000e+00 -6.900907e-11 
1.385450e-01 5.099582e-10 0.000000e+00 -6.976642e-11 
1.385535e-01 5.149517e-10 0.000000e+00 -7.052128e-11 
1.385620e-01 5.199061e-10 0.000000e+00 -7.127364e-11 
1.385707e-01 5.248210e-10 0.000000e+00 -7.202354e-11 
1.385794e-01 5.296960e-10 0.000000e+00 -7.277098e-11 
1.385882e-01 5.345307e-10 0.000000e+00 -7.351599e-11 
1.385971e-01 5.393249e-10 0.000000e+00 -7.425858e-11 
1.386061e-01 5.440781e-10 0.000000e+00 -7.499878e-11 
1.386152e-01 5.487901e-10 0.000000e+00 -7.573663e-11 
1.386243e-01 5.534603e-10 0.000000e+00 -7.647215e-11 
1.386335e-01 5.580886e-10 0.000000e+00 -7.720537e-11 
1.386428e-01 5.626744e-10 0.000000e+00 -7.793635e-11 
1.386521e-01 5.672176e-10 0.000000e+00 -7.866511e-11 
1.386615e-01 5.717176e-10 0.000000e+00 -7.939171e-11 
1.386711e-01 5.761743e-10 0.000000e+00 -8.011620e-11 
1.386806e-01 5.805872e-10 0.000000e+00 -8.083863e-11 
1.386903e-01 5.849560e-10 0.000000e+00 -8.155906e-11 
1.387000e-01 5.892803e-10 0.000000e+00 -8.227755e-11 
1.387098e-01 5.935599e-10 0.000000e+00 -8.299416e-11 
1.387196e-01 5.977943e-10 0.000000e+00 -8.370898e-11 
1.387296e-01 6.019832e-10 0.000000e+00 -8.442207e-11 
1.387396e-01 6.061263e-10 0.000000e+00 -8.513352e-11 
1.387496e-01 6.102232e-10 0.000000e+00 -8.584340e-11 
1.387598e-01 6.142736e-10 0.000000e+00 -8.655182e-11 
1.387700e-01 6.182771e-10 0.000000e+00 -8.725886e-11 
1.387802e-01 6.222335e-10 0.000000e+00 -8.796462e-11 
1.387906e-01 6.261423e-10 0.000000e+00 -8.866922e-11 
1.388010e-01 6.300032e-10 0.000000e+00 -8.937275e-11 
1.388114e-01 6.338159e-10 0.000000e+00 -9.007533e-11 
1.388219e-01 6.375800e-10 0.000000e+00 -9.077709e-11 
1.388325e-01 6.412952e-10 0.000000e+00 -9.147815e-11 
1.388431e-01 6.449611e-10 0.000000e+00 -9.217864e-11 
1.388538e-01 6.485774e-10 0.000000e+00 -9.287870e-11 
1.388646e-01 6.521437e-10 0.000000e+00 -9.357847e-11 
1.388754e-01 6.556597e-10 0.000000e+00 -9.427810e-11 
1.388863e-01 6.591249e-10 0.000000e+00 -9.497774e-11 
1.388972e-01 6.625392e-10 0.000000e+00 -9.567755e-11 
1.389082e-01 6.659020e-10 0.000000e+00 -9.637771e-11 
1.389192e-01 6.692131e-10 0.000000e+00 -9.707837e-11 
1.389303e-01 6.724720e-10 0.000000e+00 -9.777972e-11 
1.389414e-01 6.756784e-10 0.000000e+00 -9.848194e-11 
1.389526e-01 6.788319e-10 0.000000e+00 -9.918522e-11 
1.389638e-01 6.819322e-10 0.000000e+00 -9.988975e-11 
1.389751e-01 6.849788e-10 0.000000e+00 -1.005957e-10 
1.389865e-01 6.879713e-10 0.000000e+00 -1.013034e-10 
1.389978e-01 6.909094e-10 0.000000e+00 -1.020129e-10 
1.390093e-01 6.937927e-10 0.000000e+00 -1.027245e-10 
1.390207e-01 6.966208e-10 0.000000e+00 -1.034384e-10 
1.390323e-01 6.993931e-10 0.000000e+00 -1.041548e-10 
1.390438e-01 7.021095e-10 0.000000e+00 -1.048741e-10 
1.390554e-01 7.047693e-10 0.000000e+00 -1.055963e-10 
1.390670e-01 7.073722e-10 0.000000e+00 -1.063218e-10 
1.390787e-01 7.099178e-10 0.000000e+00 -1.070507e-10 
1.390904e-01 7.124055e-10 0.000000e+00 -1.077835e-10 
1.391022e-01 7.148350e-10 0.000000e+00 -1.085202e-10 
1.391140e-01 7.172058e-10 0.000000e+00 -1.092613e-10 
1.391258e-01 7.195175e-10 0.000000e+00 -1.100068e-10 
1.391377e-01 7.217694e-10 0.000000e+00 -1.107572e-10 
1.391496e-01 7.239613e-10 0.000000e+00 -1.115127e-10 
1.391615e-01 7.260925e-10 0.000000e+00 -1.122735e-10 
1.391735e-01 7.281626e-10 0.000000e+00 -1.130400e-10 
1.391855e-01 7.301711e-10 0.000000e+00 -1.138124e-10 
1.391975e-01 7.321173e-10 0.000000e+00 -1.145910e-10 
1.392095e-01 7.340010e-10 0.000000e+00 -1.153761e-10 
1.392216e-01 7.358213e-10 0.000000e+00 -1.161680e-10 
1.392337e-01 7.375779e-10 0.000000e+00 -1.169670e-10 
1.392458e-01 7.392702e-10 0.000000e+00 -1.177733e-10 
1.392580e-01 7.408976e-10 0.000000e+00 -1.185873e-10 
1.392702e-01 7.424594e-10 0.000000e+00 -1.194093e-10 
1.392824e-01 7.439552e-10 0.000000e+00 -1.202395e-10 
1.392946e-01 7.453843e-10 0.000000e+00 -1.210783e-10 
1.393068e-01 7.467460e-10 0.000000e+00 -1.219259e-10 
1.393191e-01 7.480399e-10 0.000000e+00 -1.227826e-10 
1.393313e-01 7.492651e-10 0.000000e+00 -1.236487e-10 
1.393436e-01 7.504212e-10 0.000000e+00 -1.245245e-10 
1.393559e-01 7.515073e-10 0.000000e+00 -1.254103e-10 
1.393682e-01 7.525229e-10 0.000000e+00 -1.263063e-10 
1.393806e-01 7.534672e-10 0.000000e+00 -1.272129e-10 
1.393929e-01 7.543396e-10 0.000000e+00 -1.281302e-10 
1.394052e-01 7.551393e-10 0.000000e+00 -1.290585e-10 
1.394176e-01 7.558657e-10 0.000000e+00 -1.299981e-10 
1.394300e-01 7.565179e-10 0.000000e+00 -1.309492e-10 
1.394423e-01 7.570953e-10 0.000000e+00 -1.319121e-10 
1.394547e-01 7.575971e-10 0.000000e+00 -1.328869e-10 
1.394671e-01 7.580226e-10 0.000000e+00 -1.338740e-10 
1.394795e-01 7.583708e-10 0.000000e+00 -1.348734e-10 
1.394918e-01 7.586412e-10 0.000000e+00 -1.358855e-10 
1.395042e-01 7.588328e-10 0.000000e+00 -1.369103e-10 
1.395166e-01 7.589449e-10 0.000000e+00 -1.379480e-10 
1.395290e-01 7.589767e-10 0.000000e+00 -1.389988e-10 
1.395414e-01 7.589273e-10 0.000000e+00 -1.400628e-10 
1.395537e-01 7.587958e-10 0.000000e+00 -1.411401e-10 
1.395661e-01 7.585816e-10 0.000000e+00 -1.422309e-10 
1.395784e-01 7.582836e-10 0.000000e+00 -1.433352e-10 
1.395908e-01 7.579012e-10 0.000000e+00 -1.444531e-10 
1.396031e-01 7.574333e-10 0.000000e+00 -1.455846e-10 
1.396155e-01 7.568791e-10 0.000000e+00 -1.467298e-10 
1.396278e-01 7.562379e-10 0.000000e+00 -1.478886e-10 
1.396401e-01 7.555086e-10 0.000000e+00 -1.490610e-10 
1.396524e-01 7.546904e-10 0.000000e+00 -1.502470e-10 
1.396646e-01 7.537825e-10 0.000000e+00 -1.514465e-10 
1.396769e-01 7.527839e-10 0.000000e+00 -1.526595e-10 
1.396891e-01 7.516939e-10 0.000000e+00 -1.538857e-10 
1.397013e-01 7.505114e-10 0.000000e+00 -1.551251e-10 
1.397135e-01 7.492357e-10 0.000000e+00 -1.563774e-10 
1.397257e-01 7.478659e-10 0.000000e+00 -1.576425e-10 
1.397378e-01 7.464010e-10 0.000000e+00 -1.589201e-10 
1.397499e-01 7.448403e-10 0.000000e+00 -1.602099e-10 
1.397620e-01 7.431830e-10 0.000000e+00 -1.615117e-10 
1.397741e-01 7.414280e-10 0.000000e+00 -1.628251e-10 
1.397861e-01 7.395747e-10 0.000000e+00 -1.641497e-10 
1.397981e-01 7.376222e-10 0.000000e+00 -1.654852e-10 
1.398101e-01 7.355696e-10 0.000000e+00 -1.668310e-10 
1.398220e-01 7.334163e-10 0.000000e+00 -1.681868e-10 
1.398339e-01 7.311614e-10 0.000000e+00 -1.695519e-10 
1.398458e-01 7.288042e-10 0.000000e+00 -1.709259e-10 
1.398576e-01 7.263439e-10 0.000000e+00 -1.723081e-10 
1.398694e-01 7.237799e-10 0.000000e+00 -1.736980e-10 
1.398811e-01 7.211114e-10 0.000000e+00 -1.750948e-10 
1.398928e-01 7.183378e-10 0.000000e+00 -1.764978e-10 
1.399045e-01 7.154584e-10 0.000000e+00 -1.779063e-10 
1.399161e-01 7.124727e-10 0.000000e+00 -1.793196e-10 
1.399277e-01 7.093800e-10 0.000000e+00 -1.807367e-10 
1.399392e-01 7.061799e-10 0.000000e+00 -1.821568e-10 
1.399507e-01 7.028718e-10 0.000000e+00 -1.835789e-10 
1.399621e-01 6.994553e-10 0.000000e+00 -1.850022e-10 
1.399735e-01 6.959299e-10 0.000000e+00 -1.864256e-10 
1.399848e-01 6.922953e-10 0.000000e+00 -1.878481e-10 
1.399960e-01 6.885511e-10 0.000000e+00 -1.892686e-10 
1.400072e-01 6.846971e-10 0.000000e+00 -1.906859e-10 
1.400184e-01 6.807330e-10 0.000000e+00 -1.920990e-10 
1.400295e-01 6.766587e-10 0.000000e+00 -1.935065e-10 
1.400405e-01 6.724739e-10 0.000000e+00 -1.949073e-10 
1.400514e-01 6.681787e-10 0.000000e+00 -1.963000e-10 
1.400623e-01 6.637731e-10 0.000000e+00 -1.976834e-10 
1.400732e-01 6.592570e-10 0.000000e+00 -1.990560e-10 
1.400839e-01 6.546305e-10 0.000000e+00 -2.004164e-10 
1.400946e-01 6.498940e-10 0.000000e+00 -2.017633e-10 
1.401053e-01 6.450475e-10 0.000000e+00 -2.030950e-10 
1.401158e-01 6.400915e-10 0.000000e+00 -2.044102e-10 
1.401263e-01 6.350263e-10 0.000000e+00 -2.057072e-10 
1.401367e-01 6.298525e-10 0.000000e+00 -2.069844e-10 
1.401470e-01 6.245704e-10 0.000000e+00 -2.082403e-10 
1.401573e-01 6.191808e-10 0.000000e+00 -2.094732e-10 
1.401675e-01 6.136843e-10 0.000000e+00 -2.106815e-10 
1.401776e-01 6.080818e-10 0.000000e+00 -2.118633e-10 
1.401876e-01 6.023742e-10 0.000000e+00 -2.130170e-10 
1.401975e-01 5.965623e-10 0.000000e+00 -2.141409e-10 
1.402074e-01 5.906472e-10 0.000000e+00 -2.152331e-10 
1.402171e-01 5.846301e-10 0.000000e+00 -2.162919e-10 
1.402268e-01 5.785122e-10 0.000000e+00 -2.173155e-10 
1.402364e-01 5.722948e-10 0.000000e+00 -2.183020e-10 
1.402459e-01 5.659794e-10 0.000000e+00 -2.192496e-10 
1.402553e-01 5.595675e-10 0.000000e+00 -2.201565e-10 
1.402646e-01 5.530606e-10 0.000000e+00 -2.210207e-10 
1.402738e-01 5.464606e-10 0.000000e+00 -2.218405e-10 
1.402829e-01 5.397692e-10 0.000000e+00 -2.226140e-10 
1.402919e-01 5.329883e-10 0.000000e+00 -2.233394e-10 
1.403008e-01 5.261199e-10 0.000000e+00 -2.240147e-10 
1.403096e-01 5.191663e-10 0.000000e+00 -2.246381e-10 
1.403183e-01 5.121295e-10 0.000000e+00 -2.252079e-10 
1.403269e-01 5.050120e-10 0.000000e+00 -2.257221e-10 
1.403354e-01 4.978161e-10 0.000000e+00 -2.261790e-10 
1.403438e-01 4.905444e-10 0.000000e+00 -2.265767e-10 
1.403521e-01 4.831996e-10 0.000000e+00 -2.269136e-10 
1.403602e-01 4.757843e-10 0.000000e+00 -2.271879e-10 
1.403683e-01 4.683013e-10 0.000000e+00 -2.273979e-10 
1.403762e-01 4.607537e-10 0.000000e+00 -2.275419e-10 
1.403841e-01 4.531445e-10 0.000000e+00 -2.276183e-10 
1.403918e-01 4.454768e-10 0.000000e+00 -2.276255e-10 
1.403993e-01 4.377539e-10 0.000000e+00 -2.275620e-10 
1.404068e-01 4.299790e-10 0.000000e+00 -2.274262e-10 
1.404141e-01 4.221556e-10 0.000000e+00 -2.272168e-10 
1.404214e-01 4.142872e-10 0.000000e+00 -2.269324e-10 
1.404285e-01 4.063775e-10 0.000000e+00 -2.265716e-10 
1.404354e-01 3.984301e-10 0.000000e+00 -2.261331e-10 
1.404423e-01 3.904487e-10 0.000000e+00 -2.256159e-10 
1.404490e-01 3.824374e-10 0.000000e+00 -2.250187e-10 
1.404555e-01 3.743999e-10 0.000000e+00 -2.243405e-10 
1.404620e-01 3.663403e-10 0.000000e+00 -2.235804e-10 
1.404683e-01 3.582627e-10 0.000000e+00 -2.227375e-10 
1.404744e-01 3.501713e-10 0.000000e+00 -2.218109e-10 
1.404804e-01 3.420702e-10 0.000000e+00 -2.208001e-10 
1.404863e-01 3.339638e-10 0.000000e+00 -2.197042e-10 
1.404921e-01 3.258564e-10 0.000000e+00 -2.185230e-10 
1.404977e-01 3.177524e-10 0.000000e+00 -2.172558e-10 
1.405031e-01 3.096562e-10 0.000000e+00 -2.159024e-10 
1.405084e-01 3.015722e-10 0.000000e+00 -2.144626e-10 
1.405136e-01 2.935051e-10 0.000000e+00 -2.129363e-10 
1.405186e-01 2.854594e-10 0.000000e+00 -2.113234e-10 
1.405234e-01 2.774395e-10 0.000000e+00 -2.096241e-10 
1.405281e-01 2.694502e-10 0.000000e+00 -2.078386e-10 
1.405327e-01 2.614961e-10 0.000000e+00 -2.059673e-10 
1.405371e-01 2.535816e-10 0.000000e+00 -2.040105e-10 
1.405413e-01 2.457116e-10 0.000000e+00 -2.019690e-10 
1.405453e-01 2.378906e-10 0.000000e+00 -1.998433e-10 
1.405492e-01 2.301231e-10 0.000000e+00 -1.976343e-10 
1.405530e-01 2.224139e-10 0.000000e+00 -1.953430e-10 
1.405566e-01 2.147674e-10 0.000000e+00 -1.929703e-10 
1.405600e-01 2.071883e-10 0.000000e+00 -1.905176e-10 
1.405632e-01 1.996809e-10 0.000000e+00 -1.879861e-10 
1.405663e-01 1.922499e-10 0.000000e+00 -1.853773e-10 
1.405692e-01 1.848995e-10 0.000000e+00 -1.826927e-10 
1.405719e-01 1.776342e-10 0.000000e+00 -1.799341e-10 
1.405744e-01 1.704583e-10 0.000000e+00 -1.771032e-10 
1.405768e-01 1.633759e-10 0.000000e+00 -1.742020e-10 
1.405790e-01 1.563913e-10 0.000000e+00 -1.712326e-10 
1.405810e-01 1.495085e-10 0.000000e+00 -1.681971e-10 
1.405828e-01 1.427314e-10 0.000000e+00 -1.650978e-10 
1.405844e-01 1.360640e-10 0.000000e+00 -1.619372e-10 
1.405859e-01 1.295100e-10 0.000000e+00 -1.587178e-10 
1.405871e-01 1.230730e-10 0.000000e+00 -1.554422e-10 
1.405882e-01 1.167567e-10 0.000000e+00 -1.521132e-10 
1.405891e-01 1.105644e-10 0.000000e+00 -1.487337e-10 
1.405898e-01 1.044995e-10 0.000000e+00 -1.453065e-10 
1.405903e-01 9.856503e-11 0.000000e+00 -1.418349e-10 
1.405906e-01 9.276405e-11 0.000000e+00 -1.383218e-10 
1.405907e-01 8.709942e-11 0.000000e+00 -1.347706e-10 
1.405906e-01 8.157385e-11 0.000000e+00 -1.311845e-10 
1.405903e-01 7.618988e-11 0.000000e+00 -1.275671e-10 
1.405898e-01 7.094989e-11 0.000000e+00 -1.239217e-10 
1.405891e-01 6.585610e-11 0.000000e+00 -1.202520e-10 
1.405882e-01 6.091053e-11 0.000000e+00 -1.165616e-10 
1.405870e-01 5.611506e-11 0.000000e+00 -1.128540e-10 
1.405857e-01 5.147134e-11 0.000000e+00 -1.091331e-10 
1.405841e-01 4.698087e-11 0.000000e+00 -1.054027e-10 
1.405824e-01 4.264494e-11 0.000000e+00 -1.016666e-10 
1.405804e-01 3.846465e-11 0.000000e+00 -9.792852e-11 
1.405782e-01 3.444090e-11 0.000000e+00 -9.419248e-11 
1.405758e-01 3.057441e-11 0.000000e+00 -9.046235e-11 
1.405732e-01 2.686566e-11 0.000000e+00 -8.674203e-11 
1.405703e-01 2.331495e-11 0.000000e+00 -8.303546e-11 
1.405672e-01 1.992239e-11 0.000000e+00 -7.934654e-11 
1.405639e-01 1.668785e-11 0.000000e+00 -7.567920e-11 
1.405604e-01 1.361102e-11 0.000000e+00 -7.203733e-11 
1.405566e-01 1.069137e-11 0.000000e+00 -6.842479e-11 
1.405526e-01 7.928152e-12 0.000000e+00 -6.484543e-11 
1.405484e-01 5.320441e-12 0.000000e+00 -6.130306e-11 
1.405439e-01 2.867086e-12 0.000000e+00 -5.780142e-11 
1.405392e-01 5.667364e-13 0.000000e+00 -5.434421e-11 
1.405343e-01 -1.582158e-12 0.000000e+00 -5.093509e-11 
1.405291e-01 -3.581349e-12 0.000000e+00 -4.757761e-11 
1.405236e-01 -5.432783e-12 0.000000e+00 -4.427527e-11 
1.405180e-01 -7.138601e-12 0.000000e+00 -4.103147e-11 
1.405121e-01 -8.701135e-12 0.000000e+00 -3.784954e-11 
1.405059e-01 -1.012290e-11 0.000000e+00 -3.473268e-11 
1.404995e-01 -1.140659e-11 0.000000e+00 -3.168402e-11 
1.404928e-01 -1.255509e-11 0.000000e+00 -2.870655e-11 
1.404859e-01 -1.357143e-11 0.000000e+00 -2.580315e-11 
1.404787e-01 -1.445883e-11 0.000000e+00 -2.297657e-11 
1.404713e-01 -1.522066e-11 0.000000e+00 -2.022943e-11 
1.404636e-01 -1.586043e-11 0.000000e+00 -1.756422e-11 
1.404557e-01 -1.638181e-11 0.000000e+00 -1.498326e-11 
1.404475e-01 -1.678861e-11 0.000000e+00 -1.248876e-11 
1.404390e-01 -1.708476e-11 0.000000e+00 -1.008274e-11 
1.404303e-01 -1.727432e-11 0.000000e+00 -7.767080e-12 
1.404213e-01 -1.736147e-11 0.000000e+00 -5.543483e-12 
1.404120e-01 -1.735048e-11 0.000000e+00 -3.413491e-12 
1.404025e-01 -1.724572e-11 0.000000e+00 -1.378474e-12 
1.403927e-01 -1.705167e-11 0.000000e+00 5.603771e-13 
1.403826e-01 -1.677286e-11 0.000000e+00 2.402048e-12 
1.403722e-01 -1.641391e-11 0.000000e+00 4.145707e-12 
1.403616e-01 -1.597949e-11 0.000000e+00 5.790705e-12 
1.403507e-01 -1.547431e-11 0.000000e+00 7.336579e-12 
1.403395e-01 -1.490315e-11 0.000000e+00 8.783054e-12 
1.403280e-01 -1.427078e-11 0.000000e+00 1.013004e-11 
1.403162e-01 -1.358202e-11 0.000000e+00 1.137764e-11 
1.403042e-01 -1.284169e-11 0.000000e+00 1.252614e-11 
1.402918e-01 -1.205460e-11 0.000000e+00 1.357602e-11 
1.402792e-01 -1.122557e-11 0.000000e+00 1.452794e-11 
1.402663e-01 -1.035936e-11 0.000000e+00 1.538274e-11 
1.402530e-01 -9.460736e-12 0.000000e+00 1.614147e-11 
1.402395e-01 -8.534403e-12 0.000000e+00 1.680532e-11 
1.402257e-01 -7.585014e-12 0.000000e+00 1.737571e-11 
1.402116e-01 -6.617162e-12 0.000000e+00 1.785418e-11 
1.401972e-01 -5.635367e-12 0.000000e+00 1.824248e-11 
1.401825e-01 -4.644064e-12 0.000000e+00 1.854252e-11 
1.401675e-01 -3.647598e-12 0.000000e+00 1.875636e-11 
1.401521e-01 -2.650213e-12 0.000000e+00 1.888622e-11 
1.401365e-01 -1.656042e-12 0.000000e+00 1.893449e-11 
1.401206e-01 -6.690991e-13 0.000000e+00 1.890369e-11 
1.401043e-01 3.067291e-13 0.000000e+00 1.879648e-11 
1.400877e-01 1.267691e-12 0.000000e+00 1.861565e-11 
1.400708e-01 2.210179e-12 0.000000e+00 1.836413e-11 
1.400536e-01 3.130736e-12 0.000000e+00 1.804495e-11 
1.400361e-01 4.026061e-12 0.000000e+00 1.766127e-11 
1.400183e-01 4.893018e-12 0.000000e+00 1.721635e-11 
1.400001e-01 5.728641e-12 0.000000e+00 1.671352e-11 
1.399816e-01 6.530140e-12 0.000000e+00 1.615622e-11 
1.399628e-01 7.294905e-12 0.000000e+00 1.554796e-11 
1.399437e-01 8.020512e-12 0.000000e+00 1.489232e-11 
1.399242e-01 8.704726e-12 0.000000e+00 1.419293e-11 
1.399044e-01 9.345504e-12 0.000000e+00 1.345348e-11 
1.398843e-01 9.941003e-12 0.000000e+00 1.267768e-11 
1.398638e-01 1.048957e-11 0.000000e+00 1.186929e-11 
1.398430e-01 1.098977e-11 0.000000e+00 1.103209e-11 
1.398218e-01 1.144035e-11 0.000000e+00 1.016984e-11 
1.398003e-01 1.184026e-11 0.000000e+00 9.286335e-12 
1.397785e-01 1.218868e-11 0.000000e+00 8.385340e-12 
1.397563e-01 1.248496e-11 0.000000e+00 7.470603e-12 
1.397338e-01 1.272867e-11 0.000000e+00 6.545842e-12 
1.397109e-01 1.291957e-11 0.000000e+00 5.614737e-12 
1.396877e-01 1.305763e-11 0.000000e+00 4.680914e-12 
1.396642e-01 1.314300e-11 0.000000e+00 3.747942e-12 
1.396402e-01 1.317604e-11 0.000000e+00 2.819322e-12 
1.396159e-01 1.315728e-11 0.000000e+00 1.898475e-12 
1.395913e-01 1.308745e-11 0.000000e+00 9.887359e-13 
1.395663e-01 1.296746e-11 0.000000e+00 9.334356e-14 
1.395410e-01 1.279837e-11 0.000000e+00 -7.845668e-13 
1.395153e-01 1.258144e-11 0.000000e+00 -1.641972e-12 
1.394892e-01 1.231807e-11 0.000000e+00 -2.475969e-12 
1.394627e-01 1.200982e-11 0.000000e+00 -3.283783e-12 
1.394359e-01 1.165841e-11 0.000000e+00 -4.062771e-12 
1.394087e-01 1.126568e-11 0.000000e+00 -4.810433e-12 
1.393812e-01 1.083362e-11 0.000000e+00 -5.524416e-12 
1.393533e-01 1.036434e-11 0.000000e+00 -6.202517e-12 
1.393250e-01 9.860052e-12 0.000000e+00 -6.842695e-12 
1.392963e-01 9.323094e-12 0.000000e+00 -7.443068e-12 
1.392672e-01 8.755891e-12 0.000000e+00 -8.001923e-12 
1.392378e-01 8.160956e-12 0.000000e+00 -8.517717e-12 
1.392080e-01 7.540881e-12 0.000000e+00 -8.989080e-12 
1.391778e-01 6.898324e-12 0.000000e+00 -9.414819e-12 
1.391472e-01 6.236004e-12 0.000000e+00 -9.793921e-12 
1.391162e-01 5.556684e-12 0.000000e+00 -1.012555e-11 
1.390848e-01 4.863167e-12 0.000000e+00 -1.040905e-11 
1.390531e-01 4.158280e-12 0.000000e+00 -1.064395e-11 
1.390209e-01 3.444869e-12 0.000000e+00 -1.082996e-11 
1.389884e-01 2.725783e-12 0.000000e+00 -1.096697e-11 
1.389555e-01 2.003870e-12 0.000000e+00 -1.105504e-11 
1.389221e-01 1.281960e-12 0.000000e+00 -1.109442e-11 
1.388884e-01 5.628600e-13 0.000000e+00 -1.108553e-11 
1.388543e-01 -1.506584e-13 0.000000e+00 -1.102896e-11 
1.388197e-01 -8.558684e-13 0.000000e+00 -1.092547e-11 
1.387848e-01 -1.550098e-12 0.000000e+00 -1.077597e-11 
1.387494e-01 -2.230737e-12 0.000000e+00 -1.058155e-11 
1.387137e-01 -2.895252e-12 0.000000e+00 -1.034345e-11 
1.386775e-01 -3.541187e-12 0.000000e+00 -1.006305e-11 
1.386409e-01 -4.166178e-12 0.000000e+00 -9.741872e-12 
1.386039e-01 -4.767960e-12 0.000000e+00 -9.381580e-12 
1.385665e-01 -5.344372e-12 0.000000e+00 -8.983963e-12 
1.385287e-01 -5.893367e-12 0.000000e+00 -8.550933e-12 
1.384904e-01 -6.413019e-12 0.000000e+00 -8.084516e-12 
1.384518e-01 -6.901527e-12 0.000000e+00 -7.586841e-12 
1.384127e-01 -7.357221e-12 0.000000e+00 -7.060138e-12 
1.383732e-01 -7.778573e-12 0.000000e+00 -6.506722e-12 
1.383332e-01 -8.164192e-12 0.000000e+00 -5.928988e-12 
1.382928e-01 -8.512837e-12 0.000000e+00 -5.329402e-12 
1.382520e-01 -8.823416e-12 0.000000e+00 -4.710491e-12 
1.382108e-01 -9.094992e-12 0.000000e+00 -4.074833e-12 
1.381691e-01 -9.326784e-12 0.000000e+00 -3.425046e-12 
1.381270e-01 -9.518167e-12 0.000000e+00 -2.763781e-12 
1.380845e-01 -9.668679e-12 0.000000e+00 -2.093711e-12 
1.380415e-01 -9.778015e-12 0.000000e+00 -1.417520e-12 
1.379981e-01 -9.846034e-12 0.000000e+00 -7.378932e-13 
1.379543e-01 -9.872752e-12 0.000000e+00 -5.751014e-14 
1.379100e-01 -9.858348e-12 0.000000e+00 6.209694e-13 
1.378652e-01 -9.803157e-12 0.000000e+00 1.294912e-12 
1.378200e-01 -9.707668e-12 0.000000e+00 1.961723e-12 
1.377744e-01 -9.572527e-12 0.000000e+00 2.618852e-12 
1.377283e-01 -9.398525e-12 0.000000e+00 3.263806e-12 
1.376817e-01 -9.186604e-12 0.000000e+00 3.894156e-12 
1.376347e-01 -8.937843e-12 0.000000e+00 4.507544e-12 
1.375873e-01 -8.653461e-12 0.000000e+00 5.101698e-12 
1.375393e-01 -8.334807e-12 0.000000e+00 5.674433e-12 
1.374910e-01 -7.983356e-12 0.000000e+00 6.223660e-12 
1.374421e-01 -7.600702e-12 0.000000e+00 6.747397e-12 
1.373928e-01 -7.188551e-12 0.000000e+00 7.243772e-12 
1.373431e-01 -6.748717e-12 0.000000e+00 7.711032e-12 
1.372928e-01 -6.283109e-12 0.000000e+00 8.147547e-12 
1.372421e-01 -5.793729e-12 0.000000e+00 8.551817e-12 
1.371909e-01 -5.282659e-12 0.000000e+00 8.922474e-12 
1.371393e-01 -4.752054e-12 0.000000e+00 9.258291e-12 
1.370872e-01 -4.204138e-12 0.000000e+00 9.558183e-12 
1.370346e-01 -3.641187e-12 0.000000e+00 9.821212e-12 
1.369815e-01 -3.065527e-12 0.000000e+00 1.004659e-11 
1.369280e-01 -2.479519e-12 0.000000e+00 1.023367e-11 
1.368739e-01 -1.885555e-12 0.000000e+00 1.038197e-11 
1.368194e-01 -1.286044e-12 0.000000e+00 1.049116e-11 
1.367644e-01 -6.834083e-13 0.000000e+00 1.056106e-11 
1.367090e-01 -8.006638e-14 0.000000e+00 1.059165e-11 
1.366530e-01 5.215703e-13 0.000000e+00 1.058306e-11 
1.365965e-01 1.119109e-12 0.000000e+00 1.053556e-11 
1.365396e-01 1.710186e-12 0.000000e+00 1.044960e-11 
1.364821e-01 2.292472e-12 0.000000e+00 1.032574e-11 
1.364242e-01 2.863686e-12 0.000000e+00 1.016473e-11 
1.363658e-01 3.421600e-12 0.000000e+00 9.967424e-12 
1.363068e-01 3.964050e-12 0.000000e+00 9.734832e-12 
1.362474e-01 4.488942e-12 0.000000e+00 9.468092e-12 
1.361875e-01 4.994263e-12 0.000000e+00 9.168472e-12 
1.361271e-01 5.478085e-12 0.000000e+00 8.837363e-12 
1.360661e-01 5.938575e-12 0.000000e+00 8.476273e-12 
1.360047e-01 6.374000e-12 0.000000e+00 8.086818e-12 
1.359427e-01 6.782736e-12 0.000000e+00 7.670720e-12 
1.358803e-01 7.163270e-12 0.000000e+00 7.229798e-12 
1.358173e-01 7.514209e-12 0.000000e+00 6.765960e-12 
1.357538e-01 7.834283e-12 0.000000e+00 6.281193e-12 
1.356898e-01 8.122351e-12 0.000000e+00 5.777560e-12 
1.356253e-01 8.377404e-12 0.000000e+00 5.257188e-12 
1.355602e-01 8.598569e-12 0.000000e+00 4.722260e-12 
1.354947e-01 8.785112e-12 0.000000e+00 4.175006e-12 
1.354286e-01 8.936439e-12 0.000000e+00 3.617696e-12 
1.353620e-01 9.052101e-12 0.000000e+00 3.052629e-12 
1.352949e-01 9.131791e-12 0.000000e+00 2.482125e-12 
1.352272e-01 9.175348e-12 0.000000e+00 1.908513e-12 
1.351591e-01 9.182757e-12 0.000000e+00 1.334127e-12 
1.350904e-01 9.154146e-12 0.000000e+00 7.612933e-13 
1.350211e-01 9.089788e-12 0.000000e+00 1.923206e-13 
1.349513e-01 8.990097e-12 0.000000e+00 -3.705064e-13 
1.348810e-01 8.855628e-12 0.000000e+00 -9.249372e-13 
1.348102e-01 8.687072e-12 0.000000e+00 -1.468764e-12 
1.347388e-01 8.485254e-12 0.000000e+00 -1.999832e-12 
1.346669e-01 8.251132e-12 0.000000e+00 -2.516042e-12 
1.345944e-01 7.985785e-12 0.000000e+00 -3.015367e-12 
1.345214e-01 7.690419e-12 0.000000e+00 -3.495854e-12 
1.344479e-01 7.366352e-12 0.000000e+00 -3.955630e-12 
1.343738e-01 7.015014e-12 0.000000e+00 -4.392917e-12 
1.342991e-01 6.637940e-12 0.000000e+00 -4.806030e-12 
1.342239e-01 6.236761e-12 0.000000e+00 -5.193388e-12 
1.341482e-01 5.813202e-12 0.000000e+00 -5.553518e-12 
1.340719e-01 5.369071e-12 0.000000e+00 -5.885064e-12 
1.339950e-01 4.906250e-12 0.000000e+00 -6.186787e-12 
1.339176e-01 4.426693e-12 0.000000e+00 -6.457573e-12 
1.338396e-01 3.932414e-12 0.000000e+00 -6.696433e-12 
1.337611e-01 3.425479e-12 0.000000e+00 -6.902513e-12 
1.336820e-01 2.907998e-12 0.000000e+00 -7.075092e-12 
1.336024e-01 2.382118e-12 0.000000e+00 -7.213584e-12 
1.335221e-01 1.850010e-12 0.000000e+00 -7.317543e-12 
1.334414e-01 1.313866e-12 0.000000e+00 -7.386663e-12 
1.333600e-01 7.758869e-13 0.000000e+00 -7.420777e-12 
1.332781e-01 2.382727e-13 0.000000e+00 -7.419859e-12 
1.331956e-01 -2.967840e-13 0.000000e+00 -7.384026e-12 
1.331125e-01 -8.271075e-13 0.000000e+00 -7.313530e-12 
1.330289e-01 -1.350548e-12 0.000000e+00 -7.208765e-12 
1.329447e-01 -1.864990e-12 0.000000e+00 -7.070259e-12 
1.328599e-01 -2.368361e-12 0.000000e+00 -6.898673e-12 
1.327745e-01 -2.858637e-12 0.000000e+00 -6.694798e-12 
1.326886e-01 -3.333855e-12 0.000000e+00 -6.459555e-12 
1.326020e-01 -3.792119e-12 0.000000e+00 -6.193983e-12 
1.325149e-01 -4.231603e-12 0.000000e+00 -5.899243e-12 
1.324272e-01 -4.650565e-12 0.000000e+00 -5.576607e-12 
1.323389e-01 -5.047350e-12 0.000000e+00 -5.227456e-12 
1.322500e-01 -5.420397e-12 0.000000e+00 -4.853273e-12 
1.321606e-01 -5.768243e-12 0.000000e+00 -4.455634e-12 
1.320705e-01 -6.089533e-12 0.000000e+00 -4.036207e-12 
1.319798e-01 -6.383020e-12 0.000000e+00 -3.596742e-12 
1.318886e-01 -6.647575e-12 0.000000e+00 -3.139063e-12 
1.317967e-01 -6.882186e-12 0.000000e+00 -2.665061e-12 
1.317043e-01 -7.085966e-12 0.000000e+00 -2.176688e-12 
1.316112e-01 -7.258153e-12 0.000000e+00 -1.675947e-12 
1.315176e-01 -7.398114e-12 0.000000e+00 -1.164885e-12 
1.314233e-01 -7.505349e-12 0.000000e+00 -6.455848e-13 
1.313285e-01 -7.579487e-12 0.000000e+00 -1.201544e-13 
1.312330e-01 -7.620295e-12 0.000000e+00 4.092783e-13 
1.311370e-01 -7.627672e-12 0.000000e+00 9.405758e-13 
1.310403e-01 -7.601653e-12 0.000000e+00 1.471599e-12 
1.309430e-01 -7.542405e-12 0.000000e+00 2.000217e-12 
1.308451e-01 -7.450229e-12 0.000000e+00 2.524314e-12 
1.307466e-01 -7.325559e-12 0.000000e+00 3.041797e-12 
1.306474e-01 -7.168955e-12 0.000000e+00 3.550606e-12 
1.305477e-01 -6.981105e-12 0.000000e+00 4.048723e-12 
1.304473e-01 -6.762822e-12 0.000000e+00 4.534176e-12 
1.303463e-01 -6.515038e-12 0.000000e+00 5.005051e-12 
1.302447e-01 -6.238798e-12 0.000000e+00 5.459495e-12 
1.301425e-01 -5.935264e-12 0.000000e+00 5.895728e-12 
1.300396e-01 -5.605700e-12 0.000000e+00 6.312047e-12 
1.299362e-01 -5.251472e-12 0.000000e+00 6.706831e-12 
1.298320e-01 -4.874042e-12 0.000000e+00 7.078553e-12 
1.297273e-01 -4.474963e-12 0.000000e+00 7.425780e-12 
1.296219e-01 -4.055866e-12 0.000000e+00 7.747179e-12 
1.295159e-01 -3.618463e-12 0.000000e+00 8.041526e-12 
1.294093e-01 -3.164533e-12 0.000000e+00 8.307708e-12 
1.293020e-01 -2.695916e-12 0.000000e+00 8.544726e-12 
1.291941e-01 -2.214507e-12 0.000000e+00 8.751699e-12 
1.290856e-01 -1.722249e-12 0.000000e+00 8.927871e-12 
1.289764e-01 -1.221122e-12 0.000000e+00 9.072608e-12 
1.288665e-01 -7.131363e-13 0.000000e+00 9.185403e-12 
1.287561e-01 -2.003266e-13 0.000000e+00 9.265879e-12 
1.286449e-01 3.152592e-13 0.000000e+00 9.313788e-12 
1.285332e-01 8.315664e-13 0.000000e+00 9.329011e-12 
1.284208e-01 1.346542e-12 0.000000e+00 9.311560e-12 
1.283077e-01 1.858145e-12 0.000000e+00 9.261578e-12 
1.281940e-01 2.364348e-12 0.000000e+00 9.179334e-12 
1.280796e-01 2.863155e-12 0.000000e+00 9.065229e-12 
1.279646e-01 3.352601e-12 0.000000e+00 8.919784e-12 
1.278489e-01 3.830763e-12 0.000000e+00 8.743648e-12 
1.277326e-01 4.295767e-12 0.000000e+00 8.537587e-12 
1.276156e-01 4.745796e-12 0.000000e+00 8.302486e-12 
1.274980e-01 5.179098e-12 0.000000e+00 8.039341e-12 
1.273797e-01 5.593987e-12 0.000000e+00 7.749258e-12 
1.272607e-01 5.988859e-12 0.000000e+00 7.433447e-12 
1.271410e-01 6.362190e-12 0.000000e+00 7.093216e-12 
1.270207e-01 6.712544e-12 0.000000e+00 6.729968e-12 
1.268998e-01 7.038581e-12 0.000000e+00 6.345193e-12 
1.267781e-01 7.339060e-12 0.000000e+00 5.940462e-12 
1.266558e-01 7.612842e-12 0.000000e+00 5.517422e-12 
1.265329e-01 7.858898e-12 0.000000e+00 5.077788e-12 
1.264092e-01 8.076310e-12 0.000000e+00 4.623337e-12 
1.262849e-01 8.264275e-12 0.000000e+00 4.155900e-12 
1.261599e-01 8.422109e-12 0.000000e+00 3.677355e-12 
1.260342e-01 8.549246e-12 0.000000e+00 3.189619e-12 
1.259079e-01 8.645244e-12 0.000000e+00 2.694642e-12 
1.257808e-01 8.709784e-12 0.000000e+00 2.194397e-12 
1.256531e-01 8.742673e-12 0.000000e+00 1.690874e-12 
1.255247e-01 8.743840e-12 0.000000e+00 1.186071e-12 
1.253956e-01 8.713341e-12 0.000000e+00 6.819871e-13 
1.252659e-01 8.651356e-12 0.000000e+00 1.806130e-13 
1.251354e-01 8.558187e-12 0.000000e+00 -3.160746e-13 
1.250042e-01 8.434260e-12 0.000000e+00 -8.061223e-13 
1.248724e-01 8.280118e-12 0.000000e+00 -1.287607e-12 
1.247399e-01 8.096423e-12 0.000000e+00 -1.758642e-12 
1.246067e-01 7.883952e-12 0.000000e+00 -2.217389e-12 
1.244728e-01 7.643590e-12 0.000000e+00 -2.662057e-12 
1.243381e-01 7.376332e-12 0.000000e+00 -3.090919e-12 
1.242028e-01 7.083274e-12 0.000000e+00 -3.502309e-12 
1.240668e-01 6.765612e-12 0.000000e+00 -3.894635e-12 
1.239301e-01 6.424635e-12 0.000000e+00 -4.266383e-12 
1.237927e-01 6.061720e-12 0.000000e+00 -4.616122e-12 
1.236546e-01 5.678325e-12 0.000000e+00 -4.942509e-12 
1.235158e-01 5.275988e-12 0.000000e+00 -5.244295e-12 
1.233763e-01 4.856315e-12 0.000000e+00 -5.520331e-12 
1.232360e-01 4.420977e-12 0.000000e+00 -5.769567e-12 
1.230951e-01 3.971701e-12 0.000000e+00 -5.991062e-12 
1.229535e-01 3.510267e-12 0.000000e+00 -6.183983e-12 
1.228111e-01 3.038495e-12 0.000000e+00 -6.347612e-12 
1.226680e-01 2.558244e-12 0.000000e+00 -6.481342e-12 
1.225243e-01 2.071402e-12 0.000000e+00 -6.584685e-12 
1.223798e-01 1.579876e-12 0.000000e+00 -6.657273e-12 
1.222346e-01 1.085590e-12 0.000000e+00 -6.698854e-12 
1.220886e-01 5.904723e-13 0.000000e+00 -6.709299e-12 
1.219420e-01 9.645271e-14 0.000000e+00 -6.688597e-12 
1.217946e-01 -3.945489e-13 0.000000e+00 -6.636859e-12 
1.216465e-01 -8.806276e-13 0.000000e+00 -6.554313e-12 
1.214977e-01 -1.359902e-12 0.000000e+00 -6.441307e-12 
1.213481e-01 -1.830519e-12 0.000000e+00 -6.298304e-12 
1.211979e-01 -2.290665e-12 0.000000e+00 -6.125880e-12 
1.210469e-01 -2.738569e-12 0.000000e+00 -5.924726e-12 
1.208952e-01 -3.172511e-12 0.000000e+00 -5.695637e-12 
1.207427e-01 -3.590826e-12 0.000000e+00 -5.439517e-12 
1.205895e-01 -3.991917e-12 0.000000e+00 -5.157368e-12 
1.204356e-01 -4.374250e-12 0.000000e+00 -4.850293e-12 
1.202809e-01 -4.736372e-12 0.000000e+00 -4.519484e-12 
1.201256e-01 -5.076905e-12 0.000000e+00 -4.166222e-12 
1.199694e-01 -5.394558e-12 0.000000e+00 -3.791873e-12 
1.198126e-01 -5.688131e-12 0.000000e+00 -3.397877e-12 
1.196550e-01 -5.956518e-12 0.000000e+00 -2.985748e-12 
1.194966e-01 -6.198708e-12 0.000000e+00 -2.557062e-12 
1.193375e-01 -6.413794e-12 0.000000e+00 -2.113460e-12 
1.191777e-01 -6.600974e-12 0.000000e+00 -1.656630e-12 
1.190171e-01 -6.759552e-12 0.000000e+00 -1.188310e-12 
1.188558e-01 -6.888942e-12 0.000000e+00 -7.102771e-13 
1.186937e-01 -6.988671e-12 0.000000e+00 -2.243399e-13 
1.185309e-01 -7.058376e-12 0.000000e+00 2.676659e-13 
1.183674e-01 -7.097810e-12 0.000000e+00 7.638864e-13 
1.182030e-01 -7.106842e-12 0.000000e+00 1.262456e-12 
1.180380e-01 -7.085451e-12 0.000000e+00 1.761504e-12 
1.178722e-01 -7.033736e-12 0.000000e+00 2.259162e-12 
1.177056e-01 -6.951905e-12 0.000000e+00 2.753572e-12 
1.175382e-01 -6.840281e-12 0.000000e+00 3.242891e-12 
1.173701e-01 -6.699296e-12 0.000000e+00 3.725299e-12 
1.172013e-01 -6.529494e-12 0.000000e+00 4.199009e-12 
1.170317e-01 -6.331522e-12 0.000000e+00 4.662267e-12 
1.168613e-01 -6.106134e-12 0.000000e+00 5.113363e-12 
1.166902e-01 -5.854181e-12 0.000000e+00 5.550636e-12 
1.165183e-01 -5.576614e-12 0.000000e+00 5.972483e-12 
1.163456e-01 -5.274475e-12 0.000000e+00 6.377358e-12 
1.161722e-01 -4.948898e-12 0.000000e+00 6.763784e-12 
1.159980e-01 -4.601097e-12 0.000000e+00 7.130356e-12 
1.158230e-01 -4.232370e-12 0.000000e+00 7.475744e-12 
1.156473e-01 -3.844086e-12 0.000000e+00 7.798702e-12 
1.154707e-01 -3.437687e-12 0.000000e+00 8.098067e-12 
1.152935e-01 -3.014674e-12 0.000000e+00 8.372770e-12 
1.151154e-01 -2.576610e-12 0.000000e+00 8.621831e-12 
1.149366e-01 -2.125107e-12 0.000000e+00 8.844369e-12 
1.147570e-01 -1.661824e-12 0.000000e+00 9.039604e-12 
1.145766e-01 -1.188460e-12 0.000000e+00 9.206857e-12 
1.143954e-01 -7.067456e-13 0.000000e+00 9.345552e-12 
1.142135e-01 -2.184386e-13 0.000000e+00 9.455221e-12 
1.140307e-01 2.746831e-13 0.000000e+00 9.535503e-12 
1.138472e-01 7.708285e-13 0.000000e+00 9.586146e-12 
1.136629e-01 1.268200e-12 0.000000e+00 9.607006e-12 
1.134778e-01 1.764999e-12 0.000000e+00 9.598048e-12 
1.132920e-01 2.259434e-12 0.000000e+00 9.559348e-12 
1.131053e-01 2.749727e-12 0.000000e+00 9.491086e-12 
1.129179e-01 3.234119e-12 0.000000e+00 9.393554e-12 
1.127296e-01 3.710876e-12 0.000000e+00 9.267146e-12 
1.125406e-01 4.178297e-12 0.000000e+00 9.112362e-12 
1.123508e-01 4.634719e-12 0.000000e+00 8.929801e-12 
1.121602e-01 5.078522e-12 0.000000e+00 8.720164e-12 
1.119688e-01 5.508136e-12 0.000000e+00 8.484246e-12 
1.117766e-01 5.922049e-12 0.000000e+00 8.222937e-12 
1.115836e-01 6.318804e-12 0.000000e+00 7.937213e-12 
1.113898e-01 6.697015e-12 0.000000e+00 7.628139e-12 
1.111952e-01 7.055362e-12 0.000000e+00 7.296859e-12 
1.109998e-01 7.392602e-12 0.000000e+00 6.944595e-12 
1.108035e-01 7.707571e-12 0.000000e+00 6.572640e-12 
1.106065e-01 7.999186e-12 0.000000e+00 6.182354e-12 
1.104087e-01 8.266453e-12 0.000000e+00 5.775162e-12 
1.102101e-01 8.508466e-12 0.000000e+00 5.352541e-12 
1.100107e-01 8.724411e-12 0.000000e+00 4.916023e-12 
1.098105e-01 8.913570e-12 0.000000e+00 4.467183e-12 
1.096094e-01 9.075322e-12 0.000000e+00 4.007637e-12 
1.094076e-01 9.209145e-12 0.000000e+00 3.539035e-12 
1.092049e-01 9.314618e-12 0.000000e+00 3.063054e-12 
1.090014e-01 9.391420e-12 0.000000e+00 2.581391e-12 
1.087971e-01 9.439334e-12 0.000000e+00 2.095762e-12 
1.085920e-01 9.458246e-12 0.000000e+00 1.607889e-12 
1.083861e-01 9.448143e-12 0.000000e+00 1.119500e-12 
1.081794e-01 9.409114e-12 0.000000e+00 6.323168e-13 
1.079718e-01 9.341353e-12 0.000000e+00 1.480550e-13 
1.077635e-01 9.245149e-12 0.000000e+00 -3.315862e-13 
1.075543e-01 9.120895e-12 0.000000e+00 -8.049284e-13 
1.073443e-01 8.969079e-12 0.000000e+00 -1.270320e-12 
1.071334e-01 8.790283e-12 0.000000e+00 -1.726142e-12 
1.069218e-01 8.585184e-12 0.000000e+00 -2.170814e-12 
1.067093e-01 8.354546e-12 0.000000e+00 -2.602797e-12 
1.064960e-01 8.099222e-12 0.000000e+00 -3.020604e-12 
1.062818e-01 7.820148e-12 0.000000e+00 -3.422798e-12 
1.060668e-01 7.518338e-12 0.000000e+00 -3.808005e-12 
1.058510e-01 7.194884e-12 0.000000e+00 -4.174908e-12 
1.056344e-01 6.850949e-12 0.000000e+00 -4.522264e-12 
1.054169e-01 6.487762e-12 0.000000e+00 -4.848896e-12 
1.051987e-01 6.106617e-12 0.000000e+00 -5.153704e-12 
1.049795e-01 5.708863e-12 0.000000e+00 -5.435667e-12 
1.047596e-01 5.295906e-12 0.000000e+00 -5.693847e-12 
1.045388e-01 4.869196e-12 0.000000e+00 -5.927387e-12 
1.043171e-01 4.430228e-12 0.000000e+00 -6.135520e-12 
1.040946e-01 3.980534e-12 0.000000e+00 -6.317569e-12 
1.038713e-01 3.521676e-12 0.000000e+00 -6.472945e-12 
1.036472e-01 3.055246e-12 0.000000e+00 -6.601156e-12 
1.034222e-01 2.582853e-12 0.000000e+00 -6.701803e-12 
1.031963e-01 2.106123e-12 0.000000e+00 -6.774579e-12 
1.029697e-01 1.626691e-12 0.000000e+00 -6.819278e-12 
1.027421e-01 1.146197e-12 0.000000e+00 -6.835786e-12 
1.025137e-01 6.662777e-13 0.000000e+00 -6.824086e-12 
1.022845e-01 1.885627e-13 0.000000e+00 -6.784259e-12 
1.020545e-01 -2.853308e-13 0.000000e+00 -6.716476e-12 
1.018235e-01 -7.538041e-13 0.000000e+00 -6.621007e-12 
1.015918e-01 -1.215282e-12 0.000000e+00 -6.498210e-12 
1.013591e-01 -1.668219e-12 0.000000e+00 -6.348536e-12 
1.011257e-01 -2.111103e-12 0.000000e+00 -6.172525e-12 
1.008913e-01 -2.542460e-12 0.000000e+00 -5.970802e-12 
1.006562e-01 -2.960861e-12 0.000000e+00 -5.744078e-12 
1.004201e-01 -3.364924e-12 0.000000e+00 -5.493142e-12 
1.001832e-01 -3.753322e-12 0.000000e+00 -5.218863e-12 
9.994548e-02 -4.124782e-12 0.000000e+00 -4.922186e-12 
9.970687e-02 -4.478094e-12 0.000000e+00 -4.604125e-12 
9.946740e-02 -4.812111e-12 0.000000e+00 -4.265761e-12 
9.922707e-02 -5.125756e-12 0.000000e+00 -3.908240e-12 
9.898588e-02 -5.418021e-12 0.000000e+00 -3.532768e-12 
9.874383e-02 -5.687975e-12 0.000000e+00 -3.140603e-12 
9.850091e-02 -5.934761e-12 0.000000e+00 -2.733056e-12 
9.825713e-02 -6.157605e-12 0.000000e+00 -2.311482e-12 
9.801248e-02 -6.355811e-12 0.000000e+00 -1.877278e-12 
9.776696e-02 -6.528770e-12 0.000000e+00 -1.431878e-12 
9.752058e-02 -6.675954e-12 0.000000e+00 -9.767454e-13 
9.727333e-02 -6.796925e-12 0.000000e+00 -5.133712e-13 
9.702521e-02 -6.891331e-12 0.000000e+00 -4.326715e-14 
9.677622e-02 -6.958907e-12 0.000000e+00 4.320390e-13 
9.652635e-02 -6.999477e-12 0.000000e+00 9.110085e-13 
9.627561e-02 -7.012954e-12 0.000000e+00 1.392097e-12 
9.602400e-02 -6.999338e-12 0.000000e+00 1.873758e-12 
9.577152e-02 -6.958718e-12 0.000000e+00 2.354452e-12 
9.551815e-02 -6.891269e-12 0.000000e+00 2.832647e-12 
9.526392e-02 -6.797252e-12 0.000000e+00 3.306825e-12 
9.500880e-02 -6.677013e-12 0.000000e+00 3.775487e-12 
9.475280e-02 -6.530979e-12 0.000000e+00 4.237161e-12 
9.449593e-02 -6.359661e-12 0.000000e+00 4.690400e-12 
9.423817e-02 -6.163647e-12 0.000000e+00 5.133791e-12 
9.397953e-02 -5.943600e-12 0.000000e+00 5.565959e-12 
9.372001e-02 -5.700260e-12 0.000000e+00 5.985572e-12 
9.345961e-02 -5.434436e-12 0.000000e+00 6.391340e-12 
9.319832e-02 -5.147006e-12 0.000000e+00 6.782027e-12 
9.293615e-02 -4.838911e-12 0.000000e+00 7.156448e-12 
9.267309e-02 -4.511155e-12 0.000000e+00 7.513474e-12 
9.240914e-02 -4.164800e-12 0.000000e+00 7.852038e-12 
9.214430e-02 -3.800960e-12 0.000000e+00 8.171135e-12 
9.187857e-02 -3.420800e-12 0.000000e+00 8.469827e-12 
9.161196e-02 -3.025533e-12 0.000000e+00 8.747244e-12 
9.134445e-02 -2.616410e-12 0.000000e+00 9.002585e-12 
9.107605e-02 -2.194722e-12 0.000000e+00 9.235126e-12 
9.080675e-02 -1.761794e-12 0.000000e+00 9.444214e-12 
9.053656e-02 -1.318978e-12 0.000000e+00 9.629274e-12 
9.026548e-02 -8.676510e-13 0.000000e+00 9.789809e-12 
8.999350e-02 -4.092099e-13 0.000000e+00 9.925401e-12 
8.972063e-02 5.493296e-14 0.000000e+00 1.003571e-11 
8.944685e-02 5.233547e-13 0.000000e+00 1.012048e-11 
8.917218e-02 9.946261e-13 0.000000e+00 1.017953e-11 
8.889660e-02 1.467316e-12 0.000000e+00 1.021276e-11 
8.862013e-02 1.939997e-12 0.000000e+00 1.022015e-11 
8.834276e-02 2.411248e-12 0.000000e+00 1.020178e-11 
8.806448e-02 2.879660e-12 0.000000e+00 1.015777e-11 
8.778530e-02 3.343840e-12 0.000000e+00 1.008835e-11 
8.750521e-02 3.802415e-12 0.000000e+00 9.993806e-12 
8.722422e-02 4.254036e-12 0.000000e+00 9.874522e-12 
8.694232e-02 4.697384e-12 0.000000e+00 9.730937e-12 
8.665952e-02 5.131170e-12 0.000000e+00 9.563568e-12 
8.637581e-02 5.554142e-12 0.000000e+00 9.373002e-12 
8.609118e-02 5.965089e-12 0.000000e+00 9.159892e-12 
8.580565e-02 6.362841e-12 0.000000e+00 8.924956e-12 
8.551921e-02 6.746274e-12 0.000000e+00 8.668975e-12 
8.523186e-02 7.114317e-12 0.000000e+00 8.392790e-12 
8.494359e-02 7.465947e-12 0.000000e+00 8.097297e-12 
8.465441e-02 7.800198e-12 0.000000e+00 7.783445e-12 
8.436432e-02 8.116164e-12 0.000000e+00 7.452234e-12 
8.407331e-02 8.412994e-12 0.000000e+00 7.104708e-12 
8.378138e-02 8.689904e-12 0.000000e+00 6.741958e-12 
8.348854e-02 8.946171e-12 0.000000e+00 6.365110e-12 
8.319478e-02 9.181140e-12 0.000000e+00 5.975328e-12 
8.290011e-02 9.394220e-12 0.000000e+00 5.573807e-12 
8.260451e-02 9.584892e-12 0.000000e+00 5.161770e-12 
8.230799e-02 9.752704e-12 0.000000e+00 4.740464e-12 
8.201055e-02 9.897276e-12 0.000000e+00 4.311155e-12 
8.171219e-02 1.001830e-11 0.000000e+00 3.875126e-12 
8.141290e-02 1.011553e-11 0.000000e+00 3.433672e-12 
8.111270e-02 1.018881e-11 0.000000e+00 2.988096e-12 
8.081156e-02 1.023804e-11 0.000000e+00 2.539703e-12 
8.050950e-02 1.026319e-11 0.000000e+00 2.089802e-12 
8.020652e-02 1.026431e-11 0.000000e+00 1.639695e-12 
7.990261e-02 1.024152e-11 0.000000e+00 1.190677e-12 
7.959777e-02 1.019500e-11 0.000000e+00 7.440326e-13 
7.929200e-02 1.012500e-11 0.000000e+00 3.010301e-13 
7.898530e-02 1.003184e-11 0.000000e+00 -1.370806e-13 
7.867767e-02 9.915904e-12 0.000000e+00 -5.690722e-13 
7.836911e-02 9.777642e-12 0.000000e+00 -9.937430e-13 
7.805962e-02 9.617559e-12 0.000000e+00 -1.409921e-12 
7.774919e-02 9.436223e-12 0.000000e+00 -1.816465e-12 
7.743783e-02 9.234259e-12 0.000000e+00 -2.212272e-12 
7.712554e-02 9.012344e-12 0.000000e+00 -2.596275e-12 
7.681231e-02 8.771212e-12 0.000000e+00 -2.967448e-12 
7.649814e-02 8.511643e-12 0.000000e+00 -3.324812e-12 
7.618303e-02 8.234465e-12 0.000000e+00 -3.667431e-12 
7.586699e-02 7.940550e-12 0.000000e+00 -3.994418e-12 
7.555001e-02 7.630810e-12 0.000000e+00 -4.304938e-12 
7.523209e-02 7.306198e-12 0.000000e+00 -4.598209e-12 
7.491323e-02 6.967700e-12 0.000000e+00 -4.873502e-12 
7.459343e-02 6.616333e-12 0.000000e+00 -5.130145e-12 
7.427268e-02 6.253143e-12 0.000000e+00 -5.367524e-12 
7.395100e-02 5.879202e-12 0.000000e+00 -5.585082e-12 
7.362837e-02 5.495604e-12 0.000000e+00 -5.782323e-12 
7.330479e-02 5.103461e-12 0.000000e+00 -5.958813e-12 
7.298027e-02 4.703898e-12 0.000000e+00 -6.114177e-12 
7.265481e-02 4.298056e-12 0.000000e+00 -6.248104e-12 
7.232839e-02 3.887080e-12 0.000000e+00 -6.360343e-12 
7.200103e-02 3.472123e-12 0.000000e+00 -6.450707e-12 
7.167272e-02 3.054339e-12 0.000000e+00 -6.519069e-12 
7.134346e-02 2.634879e-12 0.000000e+00 -6.565367e-12 
7.101326e-02 2.214890e-12 0.000000e+00 -6.589598e-12 
7.068210e-02 1.795511e-12 0.000000e+00 -6.591820e-12 
7.034999e-02 1.377868e-12 0.000000e+00 -6.572152e-12 
7.001692e-02 9.630754e-13 0.000000e+00 -6.530772e-12 
6.968291e-02 5.522280e-13 0.000000e+00 -6.467915e-12 
6.934794e-02 1.464008e-13 0.000000e+00 -6.383874e-12 
6.901201e-02 -2.533542e-13 0.000000e+00 -6.278995e-12 
6.867514e-02 -6.460109e-13 0.000000e+00 -6.153681e-12 
6.833730e-02 -1.030572e-12 0.000000e+00 -6.008384e-12 
6.799851e-02 -1.406071e-12 0.000000e+00 -5.843608e-12 
6.765876e-02 -1.771574e-12 0.000000e+00 -5.659904e-12 
6.731805e-02 -2.126185e-12 0.000000e+00 -5.457869e-12 
6.697638e-02 -2.469043e-12 0.000000e+00 -5.238146e-12 
6.663376e-02 -2.799328e-12 0.000000e+00 -5.001416e-12 
6.629017e-02 -3.116261e-12 0.000000e+00 -4.748403e-12 
6.594562e-02 -3.419107e-12 0.000000e+00 -4.479865e-12 
6.560011e-02 -3.707176e-12 0.000000e+00 -4.196596e-12 
6.525363e-02 -3.979823e-12 0.000000e+00 -3.899421e-12 
6.490620e-02 -4.236451e-12 0.000000e+00 -3.589193e-12 
6.455779e-02 -4.476511e-12 0.000000e+00 -3.266794e-12 
6.420843e-02 -4.699504e-12 0.000000e+00 -2.933126e-12 
6.385809e-02 -4.904981e-12 0.000000e+00 -2.589115e-12 
6.350680e-02 -5.092545e-12 0.000000e+00 -2.235702e-12 
6.315453e-02 -5.261847e-12 0.000000e+00 -1.873846e-12 
6.280130e-02 -5.412594e-12 0.000000e+00 -1.504516e-12 
6.244709e-02 -5.544541e-12 0.000000e+00 -1.128691e-12 
6.209192e-02 -5.657497e-12 0.000000e+00 -7.473582e-13 
6.173578e-02 -5.751322e-12 0.000000e+00 -3.615071e-13 
6.137867e-02 -5.825927e-12 0.000000e+00 2.787125e-14 
6.102058e-02 -5.881275e-12 0.000000e+00 4.197873e-13 
6.066152e-02 -5.917377e-12 0.000000e+00 8.132559e-13 
6.030149e-02 -5.934298e-12 0.000000e+00 1.207299e-12 
5.994049e-02 -5.932146e-12 0.000000e+00 1.600947e-12 
5.957851e-02 -5.911083e-12 0.000000e+00 1.993243e-12 
5.921556e-02 -5.871313e-12 0.000000e+00 2.383246e-12 
5.885163e-02 -5.813088e-12 0.000000e+00 2.770028e-12 
5.848673e-02 -5.736704e-12 0.000000e+00 3.152685e-12 
5.812085e-02 -5.642499e-12 0.000000e+00 3.530331e-12 
5.775399e-02 -5.530854e-12 0.000000e+00 3.902103e-12 
5.738615e-02 -5.402187e-12 0.000000e+00 4.267165e-12 
5.701733e-02 -5.256957e-12 0.000000e+00 4.624708e-12 
5.664754e-02 -5.095657e-12 0.000000e+00 4.973952e-12 
5.627676e-02 -4.918817e-12 0.000000e+00 5.314147e-12 
5.590500e-02 -4.726995e-12 0.000000e+00 5.644576e-12 
5.553226e-02 -4.520785e-12 0.000000e+00 5.964557e-12 
5.515853e-02 -4.300805e-12 0.000000e+00 6.273440e-12 
5.478383e-02 -4.067702e-12 0.000000e+00 6.570614e-12 
5.440814e-02 -3.822146e-12 0.000000e+00 6.855504e-12 
5.403146e-02 -3.564828e-12 0.000000e+00 7.127576e-12 
5.365380e-02 -3.296462e-12 0.000000e+00 7.386331e-12 
5.327516e-02 -3.017776e-12 0.000000e+00 7.631313e-12 
5.289552e-02 -2.729517e-12 0.000000e+00 7.862106e-12 
5.251490e-02 -2.432442e-12 0.000000e+00 8.078336e-12 
5.213330e-02 -2.127320e-12 0.000000e+00 8.279667e-12 
5.175070e-02 -1.814930e-12 0.000000e+00 8.465809e-12 
5.136711e-02 -1.496057e-12 0.000000e+00 8.636512e-12 
5.098254e-02 -1.171488e-12 0.000000e+00 8.791565e-12 
5.059697e-02 -8.420153e-13 0.000000e+00 8.930804e-12 
5.021042e-02 -5.084297e-13 0.000000e+00 9.054102e-12 
4.982287e-02 -1.715200e-13 0.000000e+00 9.161374e-12 
4.943433e-02 1.679287e-13 0.000000e+00 9.252578e-12 
4.904479e-02 5.091378e-13 0.000000e+00 9.327709e-12 
4.865426e-02 8.513365e-13 0.000000e+00 9.386802e-12 
4.826274e-02 1.193764e-12 0.000000e+00 9.429933e-12 
4.787022e-02 1.535672e-12 0.000000e+00 9.457211e-12 
4.747671e-02 1.876324e-12 0.000000e+00 9.468786e-12 
4.708220e-02 2.215000e-12 0.000000e+00 9.464843e-12 
4.668669e-02 2.550997e-12 0.000000e+00 9.445599e-12 
4.629019e-02 2.883630e-12 0.000000e+00 9.411308e-12 
4.589269e-02 3.212234e-12 0.000000e+00 9.362252e-12 
4.549419e-02 3.536164e-12 0.000000e+00 9.298749e-12 
4.509469e-02 3.854799e-12 0.000000e+00 9.221142e-12 
4.469419e-02 4.167542e-12 0.000000e+00 9.129804e-12 
4.429269e-02 4.473818e-12 0.000000e+00 9.025134e-12 
4.389018e-02 4.773082e-12 0.000000e+00 8.907556e-12 
4.348668e-02 5.064811e-12 0.000000e+00 8.777517e-12 
4.308217e-02 5.348513e-12 0.000000e+00 8.635487e-12 
4.267666e-02 5.623722e-12 0.000000e+00 8.481955e-12 
4.227015e-02 5.890003e-12 0.000000e+00 8.317429e-12 
4.186263e-02 6.146950e-12 0.000000e+00 8.142433e-12 
4.145411e-02 6.394184e-12 0.000000e+00 7.957506e-12 
4.104458e-02 6.631360e-12 0.000000e+00 7.763202e-12 
4.063405e-02 6.858161e-12 0.000000e+00 7.560086e-12 
4.022251e-02 7.074302e-12 0.000000e+00 7.348732e-12 
3.980996e-02 7.279527e-12 0.000000e+00 7.129723e-12 
3.939641e-02 7.473612e-12 0.000000e+00 6.903649e-12 
3.898184e-02 7.656364e-12 0.000000e+00 6.671104e-12 
3.856627e-02 7.827618e-12 0.000000e+00 6.432686e-12 
3.814969e-02 7.987242e-12 0.000000e+00 6.188996e-12 
3.773210e-02 8.135133e-12 0.000000e+00 5.940633e-12 
3.731349e-02 8.271215e-12 0.000000e+00 5.688196e-12 
3.689388e-02 8.395443e-12 0.000000e+00 5.432280e-12 
3.647325e-02 8.507800e-12 0.000000e+00 5.173477e-12 
3.605161e-02 8.608297e-12 0.000000e+00 4.912373e-12 
3.562896e-02 8.696970e-12 0.000000e+00 4.649547e-12 
3.520529e-02 8.773882e-12 0.000000e+00 4.385569e-12 
3.478061e-02 8.839123e-12 0.000000e+00 4.120999e-12 
3.435492e-02 8.892806e-12 0.000000e+00 3.856388e-12 
3.392821e-02 8.935066e-12 0.000000e+00 3.592275e-12 
3.350048e-02 8.966063e-12 0.000000e+00 3.329183e-12 
3.307174e-02 8.985979e-12 0.000000e+00 3.067625e-12 
3.264198e-02 8.995012e-12 0.000000e+00 2.808097e-12 
3.221120e-02 8.993386e-12 0.000000e+00 2.551079e-12 
3.177940e-02 8.981337e-12 0.000000e+00 2.297035e-12 
3.134659e-02 8.959122e-12 0.000000e+00 2.046413e-12 
3.091276e-02 8.927013e-12 0.000000e+00 1.799640e-12 
3.047790e-02 8.885297e-12 0.000000e+00 1.557127e-12 
3.004203e-02 8.834274e-12 0.000000e+00 1.319265e-12 
2.960513e-02 8.774257e-12 0.000000e+00 1.086426e-12 
2.916722e-02 8.705571e-12 0.000000e+00 8.589618e-13 
2.872828e-02 8.628549e-12 0.000000e+00 6.372030e-13 
2.828832e-02 8.543536e-12 0.000000e+00 4.214609e-13 
2.784733e-02 8.450880e-12 0.000000e+00 2.120260e-13 
2.740533e-02 8.350941e-12 0.000000e+00 9.167741e-15 
2.696229e-02 8.244080e-12 0.000000e+00 -1.868653e-13 
2.651824e-02 8.130665e-12 0.000000e+00 -3.758452e-13 
2.607316e-02 8.011066e-12 0.000000e+00 -5.575650e-13 
2.562705e-02 7.885653e-12 0.000000e+00 -7.318383e-13 
2.517992e-02 7.754801e-12 0.000000e+00 -8.984991e-13 
2.473175e-02 7.618881e-12 0.000000e+00 -1.057402e-12 
2.428257e-02 7.478265e-12 0.000000e+00 -1.208421e-12 
2.383235e-02 7.333321e-12 0.000000e+00 -1.351451e-12 
2.338111e-02 7.184416e-12 0.000000e+00 -1.486404e-12 
2.292883e-02 7.031910e-12 0.000000e+00 -1.613213e-12 
2.247553e-02 6.876161e-12 0.000000e+00 -1.731828e-12 
2.202120e-02 6.717518e-12 0.000000e+00 -1.842218e-12 
2.156584e-02 6.556326e-12 0.000000e+00 -1.944369e-12 
2.110944e-02 6.392920e-12 0.000000e+00 -2.038283e-12 
2.065202e-02 6.227630e-12 0.000000e+00 -2.123981e-12 
2.019356e-02 6.060772e-12 0.000000e+00 -2.201495e-12 
1.973407e-02 5.892658e-12 0.000000e+00 -2.270876e-12 
1.927355e-02 5.723585e-12 0.000000e+00 -2.332189e-12 
1.881199e-02 5.553842e-12 0.000000e+00 -2.385511e-12 
1.834940e-02 5.383706e-12 0.000000e+00 -2.430933e-12 
1.788577e-02 5.213442e-12 0.000000e+00 -2.468558e-12 
1.742111e-02 5.043301e-12 0.000000e+00 -2.498502e-12 
1.695542e-02 4.873525e-12 0.000000e+00 -2.520891e-12 
1.648869e-02 4.704339e-12 0.000000e+00 -2.535860e-12 
1.602092e-02 4.535957e-12 0.000000e+00 -2.543558e-12 
1.555212e-02 4.368580e-12 0.000000e+00 -2.544137e-12 
1.508227e-02 4.202391e-12 0.000000e+00 -2.537763e-12 
1.461139e-02 4.037564e-12 0.000000e+00 -2.524606e-12 
1.413947e-02 3.874256e-12 0.000000e+00 -2.504845e-12 
1.366652e-02 3.712609e-12 0.000000e+00 -2.478663e-12 
1.319252e-02 3.552753e-12 0.000000e+00 -2.446253e-12 
1.271748e-02 3.394800e-12 0.000000e+00 -2.407809e-12 
1.224141e-02 3.238852e-12 0.000000e+00 -2.363533e-12 
1.176429e-02 3.084991e-12 0.000000e+00 -2.313628e-12 
1.128613e-02 2.933290e-12 0.000000e+00 -2.258304e-12 
1.080693e-02 2.783803e-12 0.000000e+00 -2.197772e-12 
1.032669e-02 2.636573e-12 0.000000e+00 -2.132247e-12 
9.845399e-03 2.491627e-12 0.000000e+00 -2.061946e-12 
9.363070e-03 2.348979e-12 0.000000e+00 -1.987087e-12 
8.879697e-03 2.208628e-12 0.000000e+00 -1.907893e-12 
8.395280e-03 2.070560e-12 0.000000e+00 -1.824584e-12 
7.909819e-03 1.934750e-12 0.000000e+00 -1.737386e-12 
7.423312e-03 1.801155e-12 0.000000e+00 -1.646524e-12 
6.935760e-03 1.669723e-12 0.000000e+00 -1.552224e-12 
6.447162e-03 1.540390e-12 0.000000e+00 -1.454713e-12 
5.957517e-03 1.413076e-12 0.000000e+00 -1.354219e-12 
5.466826e-03 1.287694e-12 0.000000e+00 -1.250973e-12 
4.975088e-03 1.164143e-12 0.000000e+00 -1.145203e-12 
4.482301e-03 1.042310e-12 0.000000e+00 -1.037140e-12 
3.988467e-03 9.220757e-13 0.000000e+00 -9.270133e-13 
3.493583e-03 8.033067e-13 0.000000e+00 -8.150541e-13 
2.997651e-03 6.858619e-13 0.000000e+00 -7.014932e-13 
2.500669e-03 5.695909e-13 0.000000e+00 -5.865637e-13 
2.002637e-03 4.543345e-13 0.000000e+00 -4.705026e-13 
1.503554e-03 3.399251e-13 0.000000e+00 -3.535551e-13 
1.003421e-03 2.261881e-13 0.000000e+00 -2.359775e-13 
5.022364e-04 1.129420e-13 0.000000e+00 -1.180374e-13 
0.000000e+00 0.000000e+00 0.000000e+00 0.000000e+00 
