time=100.000000
u1[0] u1[1] u2[0] u2[1]n1.381786e-01 0.000000e+00 0.000000e+00 0.000000e+00 
1.381786e-01 1.903532e-12 0.000000e+00 -9.521699e-13 
1.381787e-01 3.811926e-12 0.000000e+00 -1.897302e-12 
1.381790e-01 5.720948e-12 0.000000e+00 -2.839258e-12 
1.381794e-01 7.629752e-12 0.000000e+00 -3.779266e-12 
1.381799e-01 9.537809e-12 0.000000e+00 -4.717830e-12 
1.381805e-01 1.144471e-11 0.000000e+00 -5.655203e-12 
1.381812e-01 1.335011e-11 0.000000e+00 -6.591520e-12 
1.381820e-01 1.525370e-11 0.000000e+00 -7.526855e-12 
1.381830e-01 1.715521e-11 0.000000e+00 -8.461246e-12 
1.381840e-01 1.905438e-11 0.000000e+00 -9.394709e-12 
1.381852e-01 2.095099e-11 0.000000e+00 -1.032725e-11 
1.381865e-01 2.284480e-11 0.000000e+00 -1.125885e-11 
1.381878e-01 2.473561e-11 0.000000e+00 -1.218951e-11 
1.381893e-01 2.662322e-11 0.000000e+00 -1.311921e-11 
1.381909e-01 2.850744e-11 0.000000e+00 -1.404793e-11 
1.381927e-01 3.038809e-11 0.000000e+00 -1.497565e-11 
1.381945e-01 3.226500e-11 0.000000e+00 -1.590236e-11 
1.381964e-01 3.413799e-11 0.000000e+00 -1.682803e-11 
1.381985e-01 3.600690e-11 0.000000e+00 -1.775264e-11 
1.382006e-01 3.787158e-11 0.000000e+00 -1.867617e-11 
1.382029e-01 3.973187e-11 0.000000e+00 -1.959860e-11 
1.382053e-01 4.158761e-11 0.000000e+00 -2.051993e-11 
1.382078e-01 4.343867e-11 0.000000e+00 -2.144011e-11 
1.382103e-01 4.528490e-11 0.000000e+00 -2.235915e-11 
1.382130e-01 4.712615e-11 0.000000e+00 -2.327702e-11 
1.382159e-01 4.896229e-11 0.000000e+00 -2.419370e-11 
1.382188e-01 5.079317e-11 0.000000e+00 -2.510918e-11 
1.382218e-01 5.261866e-11 0.000000e+00 -2.602344e-11 
1.382249e-01 5.443862e-11 0.000000e+00 -2.693647e-11 
1.382282e-01 5.625291e-11 0.000000e+00 -2.784826e-11 
1.382315e-01 5.806141e-11 0.000000e+00 -2.875878e-11 
1.382350e-01 5.986398e-11 0.000000e+00 -2.966803e-11 
1.382385e-01 6.166048e-11 0.000000e+00 -3.057599e-11 
1.382422e-01 6.345078e-11 0.000000e+00 -3.148264e-11 
1.382460e-01 6.523476e-11 0.000000e+00 -3.238798e-11 
1.382499e-01 6.701227e-11 0.000000e+00 -3.329198e-11 
1.382539e-01 6.878318e-11 0.000000e+00 -3.419464e-11 
1.382580e-01 7.054737e-11 0.000000e+00 -3.509595e-11 
1.382622e-01 7.230471e-11 0.000000e+00 -3.599588e-11 
1.382665e-01 7.405505e-11 0.000000e+00 -3.689443e-11 
1.382709e-01 7.579828e-11 0.000000e+00 -3.779157e-11 
1.382754e-01 7.753426e-11 0.000000e+00 -3.868731e-11 
1.382800e-01 7.926285e-11 0.000000e+00 -3.958162e-11 
1.382847e-01 8.098394e-11 0.000000e+00 -4.047449e-11 
1.382896e-01 8.269739e-11 0.000000e+00 -4.136591e-11 
1.382945e-01 8.440307e-11 0.000000e+00 -4.225585e-11 
1.382995e-01 8.610085e-11 0.000000e+00 -4.314432e-11 
1.383046e-01 8.779060e-11 0.000000e+00 -4.403128e-11 
1.383099e-01 8.947220e-11 0.000000e+00 -4.491674e-11 
1.383152e-01 9.114552e-11 0.000000e+00 -4.580066e-11 
1.383206e-01 9.281043e-11 0.000000e+00 -4.668304e-11 
1.383262e-01 9.446680e-11 0.000000e+00 -4.756386e-11 
1.383318e-01 9.611450e-11 0.000000e+00 -4.844311e-11 
1.383375e-01 9.775342e-11 0.000000e+00 -4.932076e-11 
1.383434e-01 9.938342e-11 0.000000e+00 -5.019681e-11 
1.383493e-01 1.010044e-10 0.000000e+00 -5.107123e-11 
1.383553e-01 1.026162e-10 0.000000e+00 -5.194401e-11 
1.383615e-01 1.042187e-10 0.000000e+00 -5.281513e-11 
1.383677e-01 1.058118e-10 0.000000e+00 -5.368457e-11 
1.383740e-01 1.073953e-10 0.000000e+00 -5.455231e-11 
1.383804e-01 1.089692e-10 0.000000e+00 -5.541834e-11 
1.383870e-01 1.105333e-10 0.000000e+00 -5.628263e-11 
1.383936e-01 1.120875e-10 0.000000e+00 -5.714517e-11 
1.384003e-01 1.136317e-10 0.000000e+00 -5.800595e-11 
1.384071e-01 1.151658e-10 0.000000e+00 -5.886492e-11 
1.384140e-01 1.166895e-10 0.000000e+00 -5.972209e-11 
1.384210e-01 1.182029e-10 0.000000e+00 -6.057742e-11 
1.384280e-01 1.197058e-10 0.000000e+00 -6.143090e-11 
1.384352e-01 1.211981e-10 0.000000e+00 -6.228251e-11 
1.384425e-01 1.226796e-10 0.000000e+00 -6.313222e-11 
1.384498e-01 1.241503e-10 0.000000e+00 -6.398001e-11 
1.384573e-01 1.256100e-10 0.000000e+00 -6.482586e-11 
1.384648e-01 1.270586e-10 0.000000e+00 -6.566975e-11 
1.384724e-01 1.284960e-10 0.000000e+00 -6.651165e-11 
1.384802e-01 1.299221e-10 0.000000e+00 -6.735155e-11 
1.384880e-01 1.313368e-10 0.000000e+00 -6.818941e-11 
1.384958e-01 1.327399e-10 0.000000e+00 -6.902521e-11 
1.385038e-01 1.341313e-10 0.000000e+00 -6.985893e-11 
1.385119e-01 1.355110e-10 0.000000e+00 -7.069054e-11 
1.385200e-01 1.368789e-10 0.000000e+00 -7.152003e-11 
1.385283e-01 1.382347e-10 0.000000e+00 -7.234735e-11 
1.385366e-01 1.395784e-10 0.000000e+00 -7.317250e-11 
1.385450e-01 1.409100e-10 0.000000e+00 -7.399543e-11 
1.385535e-01 1.422292e-10 0.000000e+00 -7.481613e-11 
1.385620e-01 1.435360e-10 0.000000e+00 -7.563456e-11 
1.385707e-01 1.448303e-10 0.000000e+00 -7.645070e-11 
1.385794e-01 1.461119e-10 0.000000e+00 -7.726453e-11 
1.385882e-01 1.473808e-10 0.000000e+00 -7.807600e-11 
1.385971e-01 1.486369e-10 0.000000e+00 -7.888510e-11 
1.386061e-01 1.498800e-10 0.000000e+00 -7.969180e-11 
1.386152e-01 1.511101e-10 0.000000e+00 -8.049606e-11 
1.386243e-01 1.523270e-10 0.000000e+00 -8.129786e-11 
1.386335e-01 1.535307e-10 0.000000e+00 -8.209716e-11 
1.386428e-01 1.547210e-10 0.000000e+00 -8.289394e-11 
1.386521e-01 1.558979e-10 0.000000e+00 -8.368816e-11 
1.386615e-01 1.570612e-10 0.000000e+00 -8.447980e-11 
1.386711e-01 1.582109e-10 0.000000e+00 -8.526881e-11 
1.386806e-01 1.593469e-10 0.000000e+00 -8.605518e-11 
1.386903e-01 1.604690e-10 0.000000e+00 -8.683886e-11 
1.387000e-01 1.615772e-10 0.000000e+00 -8.761982e-11 
1.387098e-01 1.626714e-10 0.000000e+00 -8.839803e-11 
1.387196e-01 1.637514e-10 0.000000e+00 -8.917346e-11 
1.387296e-01 1.648173e-10 0.000000e+00 -8.994607e-11 
1.387396e-01 1.658688e-10 0.000000e+00 -9.071582e-11 
1.387496e-01 1.669060e-10 0.000000e+00 -9.148269e-11 
1.387598e-01 1.679287e-10 0.000000e+00 -9.224663e-11 
1.387700e-01 1.689368e-10 0.000000e+00 -9.300761e-11 
1.387802e-01 1.699303e-10 0.000000e+00 -9.376559e-11 
1.387906e-01 1.709090e-10 0.000000e+00 -9.452054e-11 
1.388010e-01 1.718729e-10 0.000000e+00 -9.527242e-11 
1.388114e-01 1.728220e-10 0.000000e+00 -9.602119e-11 
1.388219e-01 1.737560e-10 0.000000e+00 -9.676682e-11 
1.388325e-01 1.746750e-10 0.000000e+00 -9.750926e-11 
1.388431e-01 1.755788e-10 0.000000e+00 -9.824848e-11 
1.388538e-01 1.764674e-10 0.000000e+00 -9.898444e-11 
1.388646e-01 1.773407e-10 0.000000e+00 -9.971709e-11 
1.388754e-01 1.781986e-10 0.000000e+00 -1.004464e-10 
1.388863e-01 1.790410e-10 0.000000e+00 -1.011723e-10 
1.388972e-01 1.798680e-10 0.000000e+00 -1.018948e-10 
1.389082e-01 1.806793e-10 0.000000e+00 -1.026139e-10 
1.389192e-01 1.814749e-10 0.000000e+00 -1.033294e-10 
1.389303e-01 1.822548e-10 0.000000e+00 -1.040414e-10 
1.389414e-01 1.830189e-10 0.000000e+00 -1.047498e-10 
1.389526e-01 1.837671e-10 0.000000e+00 -1.054546e-10 
1.389638e-01 1.844993e-10 0.000000e+00 -1.061556e-10 
1.389751e-01 1.852155e-10 0.000000e+00 -1.068530e-10 
1.389865e-01 1.859157e-10 0.000000e+00 -1.075466e-10 
1.389978e-01 1.865997e-10 0.000000e+00 -1.082364e-10 
1.390093e-01 1.872674e-10 0.000000e+00 -1.089223e-10 
1.390207e-01 1.879190e-10 0.000000e+00 -1.096044e-10 
1.390323e-01 1.885541e-10 0.000000e+00 -1.102825e-10 
1.390438e-01 1.891729e-10 0.000000e+00 -1.109565e-10 
1.390554e-01 1.897753e-10 0.000000e+00 -1.116266e-10 
1.390670e-01 1.903611e-10 0.000000e+00 -1.122926e-10 
1.390787e-01 1.909304e-10 0.000000e+00 -1.129544e-10 
1.390904e-01 1.914831e-10 0.000000e+00 -1.136121e-10 
1.391022e-01 1.920191e-10 0.000000e+00 -1.142655e-10 
1.391140e-01 1.925384e-10 0.000000e+00 -1.149147e-10 
1.391258e-01 1.930410e-10 0.000000e+00 -1.155595e-10 
1.391377e-01 1.935267e-10 0.000000e+00 -1.162000e-10 
1.391496e-01 1.939956e-10 0.000000e+00 -1.168360e-10 
1.391615e-01 1.944476e-10 0.000000e+00 -1.174676e-10 
1.391735e-01 1.948827e-10 0.000000e+00 -1.180946e-10 
1.391855e-01 1.953008e-10 0.000000e+00 -1.187171e-10 
1.391975e-01 1.957019e-10 0.000000e+00 -1.193349e-10 
1.392095e-01 1.960859e-10 0.000000e+00 -1.199480e-10 
1.392216e-01 1.964528e-10 0.000000e+00 -1.205565e-10 
1.392337e-01 1.968026e-10 0.000000e+00 -1.211601e-10 
1.392458e-01 1.971352e-10 0.000000e+00 -1.217589e-10 
1.392580e-01 1.974507e-10 0.000000e+00 -1.223529e-10 
1.392702e-01 1.977489e-10 0.000000e+00 -1.229418e-10 
1.392824e-01 1.980299e-10 0.000000e+00 -1.235258e-10 
1.392946e-01 1.982936e-10 0.000000e+00 -1.241048e-10 
1.393068e-01 1.985400e-10 0.000000e+00 -1.246786e-10 
1.393191e-01 1.987690e-10 0.000000e+00 -1.252473e-10 
1.393313e-01 1.989807e-10 0.000000e+00 -1.258108e-10 
1.393436e-01 1.991751e-10 0.000000e+00 -1.263690e-10 
1.393559e-01 1.993520e-10 0.000000e+00 -1.269219e-10 
1.393682e-01 1.995116e-10 0.000000e+00 -1.274695e-10 
1.393806e-01 1.996537e-10 0.000000e+00 -1.280115e-10 
1.393929e-01 1.997784e-10 0.000000e+00 -1.285482e-10 
1.394052e-01 1.998857e-10 0.000000e+00 -1.290792e-10 
1.394176e-01 1.999754e-10 0.000000e+00 -1.296047e-10 
1.394300e-01 2.000478e-10 0.000000e+00 -1.301245e-10 
1.394423e-01 2.001026e-10 0.000000e+00 -1.306386e-10 
1.394547e-01 2.001400e-10 0.000000e+00 -1.311469e-10 
1.394671e-01 2.001599e-10 0.000000e+00 -1.316494e-10 
1.394795e-01 2.001624e-10 0.000000e+00 -1.321460e-10 
1.394918e-01 2.001473e-10 0.000000e+00 -1.326367e-10 
1.395042e-01 2.001148e-10 0.000000e+00 -1.331213e-10 
1.395166e-01 2.000648e-10 0.000000e+00 -1.335999e-10 
1.395290e-01 1.999973e-10 0.000000e+00 -1.340724e-10 
1.395414e-01 1.999124e-10 0.000000e+00 -1.345387e-10 
1.395537e-01 1.998101e-10 0.000000e+00 -1.349988e-10 
1.395661e-01 1.996903e-10 0.000000e+00 -1.354525e-10 
1.395784e-01 1.995531e-10 0.000000e+00 -1.359000e-10 
1.395908e-01 1.993985e-10 0.000000e+00 -1.363410e-10 
1.396031e-01 1.992265e-10 0.000000e+00 -1.367755e-10 
1.396155e-01 1.990371e-10 0.000000e+00 -1.372035e-10 
1.396278e-01 1.988304e-10 0.000000e+00 -1.376249e-10 
1.396401e-01 1.986064e-10 0.000000e+00 -1.380396e-10 
1.396524e-01 1.983651e-10 0.000000e+00 -1.384476e-10 
1.396646e-01 1.981065e-10 0.000000e+00 -1.388489e-10 
1.396769e-01 1.978307e-10 0.000000e+00 -1.392433e-10 
1.396891e-01 1.975377e-10 0.000000e+00 -1.396308e-10 
1.397013e-01 1.972275e-10 0.000000e+00 -1.400114e-10 
1.397135e-01 1.969002e-10 0.000000e+00 -1.403850e-10 
1.397257e-01 1.965558e-10 0.000000e+00 -1.407515e-10 
1.397378e-01 1.961944e-10 0.000000e+00 -1.411108e-10 
1.397499e-01 1.958159e-10 0.000000e+00 -1.414630e-10 
1.397620e-01 1.954205e-10 0.000000e+00 -1.418079e-10 
1.397741e-01 1.950081e-10 0.000000e+00 -1.421455e-10 
1.397861e-01 1.945789e-10 0.000000e+00 -1.424757e-10 
1.397981e-01 1.941329e-10 0.000000e+00 -1.427985e-10 
1.398101e-01 1.936701e-10 0.000000e+00 -1.431138e-10 
1.398220e-01 1.931906e-10 0.000000e+00 -1.434215e-10 
1.398339e-01 1.926944e-10 0.000000e+00 -1.437216e-10 
1.398458e-01 1.921816e-10 0.000000e+00 -1.440141e-10 
1.398576e-01 1.916523e-10 0.000000e+00 -1.442988e-10 
1.398694e-01 1.911065e-10 0.000000e+00 -1.445757e-10 
1.398811e-01 1.905444e-10 0.000000e+00 -1.448448e-10 
1.398928e-01 1.899658e-10 0.000000e+00 -1.451059e-10 
1.399045e-01 1.893711e-10 0.000000e+00 -1.453591e-10 
1.399161e-01 1.887601e-10 0.000000e+00 -1.456043e-10 
1.399277e-01 1.881330e-10 0.000000e+00 -1.458413e-10 
1.399392e-01 1.874898e-10 0.000000e+00 -1.460703e-10 
1.399507e-01 1.868307e-10 0.000000e+00 -1.462910e-10 
1.399621e-01 1.861558e-10 0.000000e+00 -1.465035e-10 
1.399735e-01 1.854650e-10 0.000000e+00 -1.467076e-10 
1.399848e-01 1.847585e-10 0.000000e+00 -1.469034e-10 
1.399960e-01 1.840363e-10 0.000000e+00 -1.470907e-10 
1.400072e-01 1.832987e-10 0.000000e+00 -1.472696e-10 
1.400184e-01 1.825456e-10 0.000000e+00 -1.474399e-10 
1.400295e-01 1.817771e-10 0.000000e+00 -1.476016e-10 
1.400405e-01 1.809934e-10 0.000000e+00 -1.477547e-10 
1.400514e-01 1.801946e-10 0.000000e+00 -1.478991e-10 
1.400623e-01 1.793806e-10 0.000000e+00 -1.480347e-10 
1.400732e-01 1.785518e-10 0.000000e+00 -1.481614e-10 
1.400839e-01 1.777081e-10 0.000000e+00 -1.482794e-10 
1.400946e-01 1.768496e-10 0.000000e+00 -1.483883e-10 
1.401053e-01 1.759766e-10 0.000000e+00 -1.484884e-10 
1.401158e-01 1.750890e-10 0.000000e+00 -1.485794e-10 
1.401263e-01 1.741870e-10 0.000000e+00 -1.486613e-10 
1.401367e-01 1.732708e-10 0.000000e+00 -1.487341e-10 
1.401470e-01 1.723403e-10 0.000000e+00 -1.487977e-10 
1.401573e-01 1.713959e-10 0.000000e+00 -1.488520e-10 
1.401675e-01 1.704375e-10 0.000000e+00 -1.488972e-10 
1.401776e-01 1.694653e-10 0.000000e+00 -1.489329e-10 
1.401876e-01 1.684795e-10 0.000000e+00 -1.489593e-10 
1.401975e-01 1.674801e-10 0.000000e+00 -1.489763e-10 
1.402074e-01 1.664673e-10 0.000000e+00 -1.489839e-10 
1.402171e-01 1.654413e-10 0.000000e+00 -1.489819e-10 
1.402268e-01 1.644021e-10 0.000000e+00 -1.489703e-10 
1.402364e-01 1.633499e-10 0.000000e+00 -1.489492e-10 
1.402459e-01 1.622849e-10 0.000000e+00 -1.489184e-10 
1.402553e-01 1.612072e-10 0.000000e+00 -1.488779e-10 
1.402646e-01 1.601169e-10 0.000000e+00 -1.488278e-10 
1.402738e-01 1.590142e-10 0.000000e+00 -1.487678e-10 
1.402829e-01 1.578992e-10 0.000000e+00 -1.486980e-10 
1.402919e-01 1.567721e-10 0.000000e+00 -1.486184e-10 
1.403008e-01 1.556330e-10 0.000000e+00 -1.485289e-10 
1.403096e-01 1.544822e-10 0.000000e+00 -1.484295e-10 
1.403183e-01 1.533197e-10 0.000000e+00 -1.483202e-10 
1.403269e-01 1.521457e-10 0.000000e+00 -1.482008e-10 
1.403354e-01 1.509603e-10 0.000000e+00 -1.480715e-10 
1.403438e-01 1.497639e-10 0.000000e+00 -1.479320e-10 
1.403521e-01 1.485564e-10 0.000000e+00 -1.477825e-10 
1.403602e-01 1.473381e-10 0.000000e+00 -1.476229e-10 
1.403683e-01 1.461091e-10 0.000000e+00 -1.474531e-10 
1.403762e-01 1.448697e-10 0.000000e+00 -1.472731e-10 
1.403841e-01 1.436199e-10 0.000000e+00 -1.470829e-10 
1.403918e-01 1.423600e-10 0.000000e+00 -1.468825e-10 
1.403993e-01 1.410902e-10 0.000000e+00 -1.466719e-10 
1.404068e-01 1.398105e-10 0.000000e+00 -1.464509e-10 
1.404141e-01 1.385213e-10 0.000000e+00 -1.462197e-10 
1.404214e-01 1.372227e-10 0.000000e+00 -1.459781e-10 
1.404285e-01 1.359149e-10 0.000000e+00 -1.457262e-10 
1.404354e-01 1.345980e-10 0.000000e+00 -1.454640e-10 
1.404423e-01 1.332722e-10 0.000000e+00 -1.451913e-10 
1.404490e-01 1.319378e-10 0.000000e+00 -1.449083e-10 
1.404555e-01 1.305950e-10 0.000000e+00 -1.446148e-10 
1.404620e-01 1.292439e-10 0.000000e+00 -1.443109e-10 
1.404683e-01 1.278847e-10 0.000000e+00 -1.439966e-10 
1.404744e-01 1.265176e-10 0.000000e+00 -1.436718e-10 
1.404804e-01 1.251428e-10 0.000000e+00 -1.433366e-10 
1.404863e-01 1.237606e-10 0.000000e+00 -1.429909e-10 
1.404921e-01 1.223711e-10 0.000000e+00 -1.426347e-10 
1.404977e-01 1.209746e-10 0.000000e+00 -1.422681e-10 
1.405031e-01 1.195712e-10 0.000000e+00 -1.418910e-10 
1.405084e-01 1.181611e-10 0.000000e+00 -1.415034e-10 
1.405136e-01 1.167446e-10 0.000000e+00 -1.411053e-10 
1.405186e-01 1.153219e-10 0.000000e+00 -1.406967e-10 
1.405234e-01 1.138931e-10 0.000000e+00 -1.402777e-10 
1.405281e-01 1.124585e-10 0.000000e+00 -1.398482e-10 
1.405327e-01 1.110184e-10 0.000000e+00 -1.394082e-10 
1.405371e-01 1.095729e-10 0.000000e+00 -1.389577e-10 
1.405413e-01 1.081222e-10 0.000000e+00 -1.384969e-10 
1.405453e-01 1.066666e-10 0.000000e+00 -1.380255e-10 
1.405492e-01 1.052063e-10 0.000000e+00 -1.375438e-10 
1.405530e-01 1.037414e-10 0.000000e+00 -1.370516e-10 
1.405566e-01 1.022723e-10 0.000000e+00 -1.365491e-10 
1.405600e-01 1.007992e-10 0.000000e+00 -1.360362e-10 
1.405632e-01 9.932225e-11 0.000000e+00 -1.355129e-10 
1.405663e-01 9.784170e-11 0.000000e+00 -1.349793e-10 
1.405692e-01 9.635777e-11 0.000000e+00 -1.344353e-10 
1.405719e-01 9.487071e-11 0.000000e+00 -1.338811e-10 
1.405744e-01 9.338074e-11 0.000000e+00 -1.333167e-10 
1.405768e-01 9.188809e-11 0.000000e+00 -1.327420e-10 
1.405790e-01 9.039299e-11 0.000000e+00 -1.321571e-10 
1.405810e-01 8.889567e-11 0.000000e+00 -1.315621e-10 
1.405828e-01 8.739637e-11 0.000000e+00 -1.309569e-10 
1.405844e-01 8.589532e-11 0.000000e+00 -1.303416e-10 
1.405859e-01 8.439276e-11 0.000000e+00 -1.297163e-10 
1.405871e-01 8.288891e-11 0.000000e+00 -1.290810e-10 
1.405882e-01 8.138402e-11 0.000000e+00 -1.284357e-10 
1.405891e-01 7.987832e-11 0.000000e+00 -1.277804e-10 
1.405898e-01 7.837205e-11 0.000000e+00 -1.271153e-10 
1.405903e-01 7.686545e-11 0.000000e+00 -1.264404e-10 
1.405906e-01 7.535875e-11 0.000000e+00 -1.257556e-10 
1.405907e-01 7.385220e-11 0.000000e+00 -1.250612e-10 
1.405906e-01 7.234603e-11 0.000000e+00 -1.243571e-10 
1.405903e-01 7.084047e-11 0.000000e+00 -1.236433e-10 
1.405898e-01 6.933578e-11 0.000000e+00 -1.229200e-10 
1.405891e-01 6.783219e-11 0.000000e+00 -1.221872e-10 
1.405882e-01 6.632994e-11 0.000000e+00 -1.214450e-10 
1.405870e-01 6.482927e-11 0.000000e+00 -1.206934e-10 
1.405857e-01 6.333041e-11 0.000000e+00 -1.199325e-10 
1.405841e-01 6.183362e-11 0.000000e+00 -1.191624e-10 
1.405824e-01 6.033913e-11 0.000000e+00 -1.183831e-10 
1.405804e-01 5.884718e-11 0.000000e+00 -1.175947e-10 
1.405782e-01 5.735801e-11 0.000000e+00 -1.167973e-10 
1.405758e-01 5.587187e-11 0.000000e+00 -1.159910e-10 
1.405732e-01 5.438898e-11 0.000000e+00 -1.151758e-10 
1.405703e-01 5.290959e-11 0.000000e+00 -1.143518e-10 
1.405672e-01 5.143394e-11 0.000000e+00 -1.135191e-10 
1.405639e-01 4.996228e-11 0.000000e+00 -1.126778e-10 
1.405604e-01 4.849482e-11 0.000000e+00 -1.118280e-10 
1.405566e-01 4.703183e-11 0.000000e+00 -1.109698e-10 
1.405526e-01 4.557352e-11 0.000000e+00 -1.101033e-10 
1.405484e-01 4.412015e-11 0.000000e+00 -1.092284e-10 
1.405439e-01 4.267194e-11 0.000000e+00 -1.083455e-10 
1.405392e-01 4.122913e-11 0.000000e+00 -1.074545e-10 
1.405343e-01 3.979196e-11 0.000000e+00 -1.065555e-10 
1.405291e-01 3.836067e-11 0.000000e+00 -1.056487e-10 
1.405236e-01 3.693547e-11 0.000000e+00 -1.047342e-10 
1.405180e-01 3.551661e-11 0.000000e+00 -1.038120e-10 
1.405121e-01 3.410432e-11 0.000000e+00 -1.028823e-10 
1.405059e-01 3.269883e-11 0.000000e+00 -1.019452e-10 
1.404995e-01 3.130037e-11 0.000000e+00 -1.010008e-10 
1.404928e-01 2.990917e-11 0.000000e+00 -1.000492e-10 
1.404859e-01 2.852545e-11 0.000000e+00 -9.909056e-11 
1.404787e-01 2.714944e-11 0.000000e+00 -9.812494e-11 
1.404713e-01 2.578136e-11 0.000000e+00 -9.715250e-11 
1.404636e-01 2.442145e-11 0.000000e+00 -9.617335e-11 
1.404557e-01 2.306991e-11 0.000000e+00 -9.518762e-11 
1.404475e-01 2.172698e-11 0.000000e+00 -9.419543e-11 
1.404390e-01 2.039287e-11 0.000000e+00 -9.319692e-11 
1.404303e-01 1.906779e-11 0.000000e+00 -9.219222e-11 
1.404213e-01 1.775198e-11 0.000000e+00 -9.118146e-11 
1.404120e-01 1.644563e-11 0.000000e+00 -9.016478e-11 
1.404025e-01 1.514896e-11 0.000000e+00 -8.914231e-11 
1.403927e-01 1.386219e-11 0.000000e+00 -8.811419e-11 
1.403826e-01 1.258551e-11 0.000000e+00 -8.708056e-11 
1.403722e-01 1.131915e-11 0.000000e+00 -8.604157e-11 
1.403616e-01 1.006330e-11 0.000000e+00 -8.499736e-11 
1.403507e-01 8.818173e-12 0.000000e+00 -8.394808e-11 
1.403395e-01 7.583963e-12 0.000000e+00 -8.289387e-11 
1.403280e-01 6.360872e-12 0.000000e+00 -8.183489e-11 
1.403162e-01 5.149096e-12 0.000000e+00 -8.077129e-11 
1.403042e-01 3.948832e-12 0.000000e+00 -7.970321e-11 
1.402918e-01 2.760270e-12 0.000000e+00 -7.863083e-11 
1.402792e-01 1.583603e-12 0.000000e+00 -7.755428e-11 
1.402663e-01 4.190170e-13 0.000000e+00 -7.647375e-11 
1.402530e-01 -7.333014e-13 0.000000e+00 -7.538937e-11 
1.402395e-01 -1.873169e-12 0.000000e+00 -7.430132e-11 
1.402257e-01 -3.000406e-12 0.000000e+00 -7.320976e-11 
1.402116e-01 -4.114834e-12 0.000000e+00 -7.211485e-11 
1.401972e-01 -5.216277e-12 0.000000e+00 -7.101677e-11 
1.401825e-01 -6.304563e-12 0.000000e+00 -6.991568e-11 
1.401675e-01 -7.379522e-12 0.000000e+00 -6.881175e-11 
1.401521e-01 -8.440986e-12 0.000000e+00 -6.770515e-11 
1.401365e-01 -9.488791e-12 0.000000e+00 -6.659605e-11 
1.401206e-01 -1.052278e-11 0.000000e+00 -6.548464e-11 
1.401043e-01 -1.154278e-11 0.000000e+00 -6.437108e-11 
1.400877e-01 -1.254865e-11 0.000000e+00 -6.325555e-11 
1.400708e-01 -1.354024e-11 0.000000e+00 -6.213823e-11 
1.400536e-01 -1.451738e-11 0.000000e+00 -6.101930e-11 
1.400361e-01 -1.547994e-11 0.000000e+00 -5.989895e-11 
1.400183e-01 -1.642778e-11 0.000000e+00 -5.877735e-11 
1.400001e-01 -1.736075e-11 0.000000e+00 -5.765468e-11 
1.399816e-01 -1.827871e-11 0.000000e+00 -5.653114e-11 
1.399628e-01 -1.918154e-11 0.000000e+00 -5.540690e-11 
1.399437e-01 -2.006910e-11 0.000000e+00 -5.428216e-11 
1.399242e-01 -2.094127e-11 0.000000e+00 -5.315710e-11 
1.399044e-01 -2.179792e-11 0.000000e+00 -5.203190e-11 
1.398843e-01 -2.263893e-11 0.000000e+00 -5.090677e-11 
1.398638e-01 -2.346418e-11 0.000000e+00 -4.978189e-11 
1.398430e-01 -2.427357e-11 0.000000e+00 -4.865744e-11 
1.398218e-01 -2.506698e-11 0.000000e+00 -4.753364e-11 
1.398003e-01 -2.584431e-11 0.000000e+00 -4.641065e-11 
1.397785e-01 -2.660546e-11 0.000000e+00 -4.528869e-11 
1.397563e-01 -2.735032e-11 0.000000e+00 -4.416794e-11 
1.397338e-01 -2.807880e-11 0.000000e+00 -4.304860e-11 
1.397109e-01 -2.879082e-11 0.000000e+00 -4.193087e-11 
1.396877e-01 -2.948628e-11 0.000000e+00 -4.081493e-11 
1.396642e-01 -3.016510e-11 0.000000e+00 -3.970099e-11 
1.396402e-01 -3.082721e-11 0.000000e+00 -3.858925e-11 
1.396159e-01 -3.147252e-11 0.000000e+00 -3.747990e-11 
1.395913e-01 -3.210096e-11 0.000000e+00 -3.637314e-11 
1.395663e-01 -3.271248e-11 0.000000e+00 -3.526917e-11 
1.395410e-01 -3.330699e-11 0.000000e+00 -3.416818e-11 
1.395153e-01 -3.388445e-11 0.000000e+00 -3.307038e-11 
1.394892e-01 -3.444480e-11 0.000000e+00 -3.197596e-11 
1.394627e-01 -3.498799e-11 0.000000e+00 -3.088512e-11 
1.394359e-01 -3.551396e-11 0.000000e+00 -2.979806e-11 
1.394087e-01 -3.602268e-11 0.000000e+00 -2.871499e-11 
1.393812e-01 -3.651411e-11 0.000000e+00 -2.763609e-11 
1.393533e-01 -3.698821e-11 0.000000e+00 -2.656158e-11 
1.393250e-01 -3.744495e-11 0.000000e+00 -2.549163e-11 
1.392963e-01 -3.788431e-11 0.000000e+00 -2.442647e-11 
1.392672e-01 -3.830626e-11 0.000000e+00 -2.336628e-11 
1.392378e-01 -3.871078e-11 0.000000e+00 -2.231126e-11 
1.392080e-01 -3.909786e-11 0.000000e+00 -2.126161e-11 
1.391778e-01 -3.946749e-11 0.000000e+00 -2.021752e-11 
1.391472e-01 -3.981967e-11 0.000000e+00 -1.917920e-11 
1.391162e-01 -4.015439e-11 0.000000e+00 -1.814684e-11 
1.390848e-01 -4.047166e-11 0.000000e+00 -1.712063e-11 
1.390531e-01 -4.077148e-11 0.000000e+00 -1.610077e-11 
1.390209e-01 -4.105387e-11 0.000000e+00 -1.508746e-11 
1.389884e-01 -4.131884e-11 0.000000e+00 -1.408088e-11 
1.389555e-01 -4.156642e-11 0.000000e+00 -1.308123e-11 
1.389221e-01 -4.179662e-11 0.000000e+00 -1.208871e-11 
1.388884e-01 -4.200947e-11 0.000000e+00 -1.110350e-11 
1.388543e-01 -4.220502e-11 0.000000e+00 -1.012579e-11 
1.388197e-01 -4.238330e-11 0.000000e+00 -9.155779e-12 
1.387848e-01 -4.254434e-11 0.000000e+00 -8.193646e-12 
1.387494e-01 -4.268820e-11 0.000000e+00 -7.239581e-12 
1.387137e-01 -4.281493e-11 0.000000e+00 -6.293769e-12 
1.386775e-01 -4.292458e-11 0.000000e+00 -5.356394e-12 
1.386409e-01 -4.301722e-11 0.000000e+00 -4.427640e-12 
1.386039e-01 -4.309289e-11 0.000000e+00 -3.507689e-12 
1.385665e-01 -4.315169e-11 0.000000e+00 -2.596722e-12 
1.385287e-01 -4.319366e-11 0.000000e+00 -1.694916e-12 
1.384904e-01 -4.321890e-11 0.000000e+00 -8.024495e-13 
1.384518e-01 -4.322749e-11 0.000000e+00 8.050142e-14 
1.384127e-01 -4.321950e-11 0.000000e+00 9.537627e-13 
1.383732e-01 -4.319503e-11 0.000000e+00 1.817162e-12 
1.383332e-01 -4.315417e-11 0.000000e+00 2.670528e-12 
1.382928e-01 -4.309703e-11 0.000000e+00 3.513692e-12 
1.382520e-01 -4.302369e-11 0.000000e+00 4.346487e-12 
1.382108e-01 -4.293427e-11 0.000000e+00 5.168747e-12 
1.381691e-01 -4.282889e-11 0.000000e+00 5.980310e-12 
1.381270e-01 -4.270764e-11 0.000000e+00 6.781013e-12 
1.380845e-01 -4.257066e-11 0.000000e+00 7.570698e-12 
1.380415e-01 -4.241806e-11 0.000000e+00 8.349208e-12 
1.379981e-01 -4.224997e-11 0.000000e+00 9.116386e-12 
1.379543e-01 -4.206653e-11 0.000000e+00 9.872082e-12 
1.379100e-01 -4.186786e-11 0.000000e+00 1.061614e-11 
1.378652e-01 -4.165411e-11 0.000000e+00 1.134842e-11 
1.378200e-01 -4.142542e-11 0.000000e+00 1.206878e-11 
1.377744e-01 -4.118193e-11 0.000000e+00 1.277706e-11 
1.377283e-01 -4.092380e-11 0.000000e+00 1.347312e-11 
1.376817e-01 -4.065118e-11 0.000000e+00 1.415684e-11 
1.376347e-01 -4.036423e-11 0.000000e+00 1.482808e-11 
1.375873e-01 -4.006311e-11 0.000000e+00 1.548669e-11 
1.375393e-01 -3.974799e-11 0.000000e+00 1.613255e-11 
1.374910e-01 -3.941903e-11 0.000000e+00 1.676554e-11 
1.374421e-01 -3.907641e-11 0.000000e+00 1.738552e-11 
1.373928e-01 -3.872030e-11 0.000000e+00 1.799238e-11 
1.373431e-01 -3.835089e-11 0.000000e+00 1.858599e-11 
1.372928e-01 -3.796836e-11 0.000000e+00 1.916625e-11 
1.372421e-01 -3.757290e-11 0.000000e+00 1.973303e-11 
1.371909e-01 -3.716469e-11 0.000000e+00 2.028622e-11 
1.371393e-01 -3.674393e-11 0.000000e+00 2.082573e-11 
1.370872e-01 -3.631082e-11 0.000000e+00 2.135143e-11 
1.370346e-01 -3.586556e-11 0.000000e+00 2.186324e-11 
1.369815e-01 -3.540835e-11 0.000000e+00 2.236106e-11 
1.369280e-01 -3.493940e-11 0.000000e+00 2.284478e-11 
1.368739e-01 -3.445891e-11 0.000000e+00 2.331432e-11 
1.368194e-01 -3.396711e-11 0.000000e+00 2.376960e-11 
1.367644e-01 -3.346420e-11 0.000000e+00 2.421051e-11 
1.367090e-01 -3.295040e-11 0.000000e+00 2.463699e-11 
1.366530e-01 -3.242595e-11 0.000000e+00 2.504896e-11 
1.365965e-01 -3.189105e-11 0.000000e+00 2.544633e-11 
1.365396e-01 -3.134595e-11 0.000000e+00 2.582905e-11 
1.364821e-01 -3.079086e-11 0.000000e+00 2.619703e-11 
1.364242e-01 -3.022602e-11 0.000000e+00 2.655022e-11 
1.363658e-01 -2.965167e-11 0.000000e+00 2.688856e-11 
1.363068e-01 -2.906804e-11 0.000000e+00 2.721198e-11 
1.362474e-01 -2.847538e-11 0.000000e+00 2.752044e-11 
1.361875e-01 -2.787391e-11 0.000000e+00 2.781388e-11 
1.361271e-01 -2.726390e-11 0.000000e+00 2.809226e-11 
1.360661e-01 -2.664559e-11 0.000000e+00 2.835554e-11 
1.360047e-01 -2.601922e-11 0.000000e+00 2.860368e-11 
1.359427e-01 -2.538505e-11 0.000000e+00 2.883663e-11 
1.358803e-01 -2.474332e-11 0.000000e+00 2.905438e-11 
1.358173e-01 -2.409430e-11 0.000000e+00 2.925689e-11 
1.357538e-01 -2.343824e-11 0.000000e+00 2.944414e-11 
1.356898e-01 -2.277539e-11 0.000000e+00 2.961611e-11 
1.356253e-01 -2.210603e-11 0.000000e+00 2.977278e-11 
1.355602e-01 -2.143040e-11 0.000000e+00 2.991414e-11 
1.354947e-01 -2.074878e-11 0.000000e+00 3.004019e-11 
1.354286e-01 -2.006143e-11 0.000000e+00 3.015092e-11 
1.353620e-01 -1.936861e-11 0.000000e+00 3.024632e-11 
1.352949e-01 -1.867059e-11 0.000000e+00 3.032640e-11 
1.352272e-01 -1.796765e-11 0.000000e+00 3.039118e-11 
1.351591e-01 -1.726004e-11 0.000000e+00 3.044065e-11 
1.350904e-01 -1.654804e-11 0.000000e+00 3.047484e-11 
1.350211e-01 -1.583193e-11 0.000000e+00 3.049377e-11 
1.349513e-01 -1.511197e-11 0.000000e+00 3.049745e-11 
1.348810e-01 -1.438844e-11 0.000000e+00 3.048592e-11 
1.348102e-01 -1.366161e-11 0.000000e+00 3.045921e-11 
1.347388e-01 -1.293177e-11 0.000000e+00 3.041734e-11 
1.346669e-01 -1.219917e-11 0.000000e+00 3.036037e-11 
1.345944e-01 -1.146410e-11 0.000000e+00 3.028833e-11 
1.345214e-01 -1.072684e-11 0.000000e+00 3.020128e-11 
1.344479e-01 -9.987667e-12 0.000000e+00 3.009926e-11 
1.343738e-01 -9.246850e-12 0.000000e+00 2.998232e-11 
1.342991e-01 -8.504669e-12 0.000000e+00 2.985053e-11 
1.342239e-01 -7.761403e-12 0.000000e+00 2.970396e-11 
1.341482e-01 -7.017327e-12 0.000000e+00 2.954265e-11 
1.340719e-01 -6.272720e-12 0.000000e+00 2.936670e-11 
1.339950e-01 -5.527858e-12 0.000000e+00 2.917617e-11 
1.339176e-01 -4.783018e-12 0.000000e+00 2.897114e-11 
1.338396e-01 -4.038477e-12 0.000000e+00 2.875170e-11 
1.337611e-01 -3.294509e-12 0.000000e+00 2.851793e-11 
1.336820e-01 -2.551390e-12 0.000000e+00 2.826992e-11 
1.336024e-01 -1.809396e-12 0.000000e+00 2.800777e-11 
1.335221e-01 -1.068800e-12 0.000000e+00 2.773157e-11 
1.334414e-01 -3.298749e-13 0.000000e+00 2.744143e-11 
1.333600e-01 4.071061e-13 0.000000e+00 2.713745e-11 
1.332781e-01 1.141872e-12 0.000000e+00 2.681974e-11 
1.331956e-01 1.874152e-12 0.000000e+00 2.648842e-11 
1.331125e-01 2.603677e-12 0.000000e+00 2.614361e-11 
1.330289e-01 3.330179e-12 0.000000e+00 2.578542e-11 
1.329447e-01 4.053392e-12 0.000000e+00 2.541398e-11 
1.328599e-01 4.773049e-12 0.000000e+00 2.502941e-11 
1.327745e-01 5.488887e-12 0.000000e+00 2.463186e-11 
1.326886e-01 6.200642e-12 0.000000e+00 2.422145e-11 
1.326020e-01 6.908056e-12 0.000000e+00 2.379833e-11 
1.325149e-01 7.610867e-12 0.000000e+00 2.336263e-11 
1.324272e-01 8.308820e-12 0.000000e+00 2.291451e-11 
1.323389e-01 9.001658e-12 0.000000e+00 2.245411e-11 
1.322500e-01 9.689127e-12 0.000000e+00 2.198158e-11 
1.321606e-01 1.037098e-11 0.000000e+00 2.149709e-11 
1.320705e-01 1.104696e-11 0.000000e+00 2.100080e-11 
1.319798e-01 1.171682e-11 0.000000e+00 2.049286e-11 
1.318886e-01 1.238032e-11 0.000000e+00 1.997344e-11 
1.317967e-01 1.303722e-11 0.000000e+00 1.944271e-11 
1.317043e-01 1.368728e-11 0.000000e+00 1.890085e-11 
1.316112e-01 1.433025e-11 0.000000e+00 1.834803e-11 
1.315176e-01 1.496590e-11 0.000000e+00 1.778443e-11 
1.314233e-01 1.559401e-11 0.000000e+00 1.721023e-11 
1.313285e-01 1.621433e-11 0.000000e+00 1.662562e-11 
1.312330e-01 1.682665e-11 0.000000e+00 1.603078e-11 
1.311370e-01 1.743073e-11 0.000000e+00 1.542592e-11 
1.310403e-01 1.802637e-11 0.000000e+00 1.481121e-11 
1.309430e-01 1.861333e-11 0.000000e+00 1.418686e-11 
1.308451e-01 1.919141e-11 0.000000e+00 1.355306e-11 
1.307466e-01 1.976038e-11 0.000000e+00 1.291003e-11 
1.306474e-01 2.032005e-11 0.000000e+00 1.225795e-11 
1.305477e-01 2.087021e-11 0.000000e+00 1.159705e-11 
1.304473e-01 2.141065e-11 0.000000e+00 1.092752e-11 
1.303463e-01 2.194118e-11 0.000000e+00 1.024959e-11 
1.302447e-01 2.246160e-11 0.000000e+00 9.563468e-12 
1.301425e-01 2.297172e-11 0.000000e+00 8.869367e-12 
1.300396e-01 2.347135e-11 0.000000e+00 8.167508e-12 
1.299362e-01 2.396030e-11 0.000000e+00 7.458113e-12 
1.298320e-01 2.443840e-11 0.000000e+00 6.741405e-12 
1.297273e-01 2.490546e-11 0.000000e+00 6.017610e-12 
1.296219e-01 2.536132e-11 0.000000e+00 5.286955e-12 
1.295159e-01 2.580580e-11 0.000000e+00 4.549670e-12 
1.294093e-01 2.623874e-11 0.000000e+00 3.805987e-12 
1.293020e-01 2.665998e-11 0.000000e+00 3.056137e-12 
1.291941e-01 2.706935e-11 0.000000e+00 2.300357e-12 
1.290856e-01 2.746671e-11 0.000000e+00 1.538883e-12 
1.289764e-01 2.785191e-11 0.000000e+00 7.719524e-13 
1.288665e-01 2.822480e-11 0.000000e+00 -1.945203e-16 
1.287561e-01 2.858523e-11 0.000000e+00 -7.773168e-13 
1.286449e-01 2.893308e-11 0.000000e+00 -1.559172e-12 
1.285332e-01 2.926821e-11 0.000000e+00 -2.345516e-12 
1.284208e-01 2.959049e-11 0.000000e+00 -3.136104e-12 
1.283077e-01 2.989980e-11 0.000000e+00 -3.930690e-12 
1.281940e-01 3.019602e-11 0.000000e+00 -4.729026e-12 
1.280796e-01 3.047903e-11 0.000000e+00 -5.530864e-12 
1.279646e-01 3.074872e-11 0.000000e+00 -6.335955e-12 
1.278489e-01 3.100499e-11 0.000000e+00 -7.144049e-12 
1.277326e-01 3.124774e-11 0.000000e+00 -7.954895e-12 
1.276156e-01 3.147687e-11 0.000000e+00 -8.768241e-12 
1.274980e-01 3.169228e-11 0.000000e+00 -9.583834e-12 
1.273797e-01 3.189389e-11 0.000000e+00 -1.040142e-11 
1.272607e-01 3.208162e-11 0.000000e+00 -1.122075e-11 
1.271410e-01 3.225539e-11 0.000000e+00 -1.204157e-11 
1.270207e-01 3.241512e-11 0.000000e+00 -1.286363e-11 
1.268998e-01 3.256074e-11 0.000000e+00 -1.368666e-11 
1.267781e-01 3.269220e-11 0.000000e+00 -1.451042e-11 
1.266558e-01 3.280943e-11 0.000000e+00 -1.533465e-11 
1.265329e-01 3.291238e-11 0.000000e+00 -1.615909e-11 
1.264092e-01 3.300100e-11 0.000000e+00 -1.698350e-11 
1.262849e-01 3.307524e-11 0.000000e+00 -1.780761e-11 
1.261599e-01 3.313506e-11 0.000000e+00 -1.863118e-11 
1.260342e-01 3.318044e-11 0.000000e+00 -1.945395e-11 
1.259079e-01 3.321133e-11 0.000000e+00 -2.027566e-11 
1.257808e-01 3.322771e-11 0.000000e+00 -2.109607e-11 
1.256531e-01 3.322957e-11 0.000000e+00 -2.191491e-11 
1.255247e-01 3.321688e-11 0.000000e+00 -2.273195e-11 
1.253956e-01 3.318963e-11 0.000000e+00 -2.354692e-11 
1.252659e-01 3.314783e-11 0.000000e+00 -2.435958e-11 
1.251354e-01 3.309146e-11 0.000000e+00 -2.516968e-11 
1.250042e-01 3.302054e-11 0.000000e+00 -2.597697e-11 
1.248724e-01 3.293506e-11 0.000000e+00 -2.678120e-11 
1.247399e-01 3.283505e-11 0.000000e+00 -2.758212e-11 
1.246067e-01 3.272052e-11 0.000000e+00 -2.837949e-11 
1.244728e-01 3.259150e-11 0.000000e+00 -2.917307e-11 
1.243381e-01 3.244801e-11 0.000000e+00 -2.996262e-11 
1.242028e-01 3.229008e-11 0.000000e+00 -3.074788e-11 
1.240668e-01 3.211775e-11 0.000000e+00 -3.152862e-11 
1.239301e-01 3.193107e-11 0.000000e+00 -3.230461e-11 
1.237927e-01 3.173008e-11 0.000000e+00 -3.307561e-11 
1.236546e-01 3.151483e-11 0.000000e+00 -3.384137e-11 
1.235158e-01 3.128538e-11 0.000000e+00 -3.460167e-11 
1.233763e-01 3.104179e-11 0.000000e+00 -3.535628e-11 
1.232360e-01 3.078412e-11 0.000000e+00 -3.610497e-11 
1.230951e-01 3.051245e-11 0.000000e+00 -3.684751e-11 
1.229535e-01 3.022685e-11 0.000000e+00 -3.758366e-11 
1.228111e-01 2.992740e-11 0.000000e+00 -3.831322e-11 
1.226680e-01 2.961418e-11 0.000000e+00 -3.903596e-11 
1.225243e-01 2.928728e-11 0.000000e+00 -3.975166e-11 
1.223798e-01 2.894680e-11 0.000000e+00 -4.046010e-11 
1.222346e-01 2.859283e-11 0.000000e+00 -4.116107e-11 
1.220886e-01 2.822547e-11 0.000000e+00 -4.185435e-11 
1.219420e-01 2.784483e-11 0.000000e+00 -4.253975e-11 
1.217946e-01 2.745102e-11 0.000000e+00 -4.321704e-11 
1.216465e-01 2.704416e-11 0.000000e+00 -4.388604e-11 
1.214977e-01 2.662435e-11 0.000000e+00 -4.454652e-11 
1.213481e-01 2.619173e-11 0.000000e+00 -4.519831e-11 
1.211979e-01 2.574643e-11 0.000000e+00 -4.584119e-11 
1.210469e-01 2.528857e-11 0.000000e+00 -4.647499e-11 
1.208952e-01 2.481828e-11 0.000000e+00 -4.709950e-11 
1.207427e-01 2.433571e-11 0.000000e+00 -4.771455e-11 
1.205895e-01 2.384101e-11 0.000000e+00 -4.831994e-11 
1.204356e-01 2.333431e-11 0.000000e+00 -4.891550e-11 
1.202809e-01 2.281577e-11 0.000000e+00 -4.950106e-11 
1.201256e-01 2.228554e-11 0.000000e+00 -5.007643e-11 
1.199694e-01 2.174379e-11 0.000000e+00 -5.064144e-11 
1.198126e-01 2.119066e-11 0.000000e+00 -5.119593e-11 
1.196550e-01 2.062634e-11 0.000000e+00 -5.173974e-11 
1.194966e-01 2.005098e-11 0.000000e+00 -5.227270e-11 
1.193375e-01 1.946476e-11 0.000000e+00 -5.279465e-11 
1.191777e-01 1.886786e-11 0.000000e+00 -5.330545e-11 
1.190171e-01 1.826045e-11 0.000000e+00 -5.380494e-11 
1.188558e-01 1.764272e-11 0.000000e+00 -5.429298e-11 
1.186937e-01 1.701485e-11 0.000000e+00 -5.476942e-11 
1.185309e-01 1.637704e-11 0.000000e+00 -5.523413e-11 
1.183674e-01 1.572946e-11 0.000000e+00 -5.568697e-11 
1.182030e-01 1.507233e-11 0.000000e+00 -5.612781e-11 
1.180380e-01 1.440583e-11 0.000000e+00 -5.655651e-11 
1.178722e-01 1.373017e-11 0.000000e+00 -5.697297e-11 
1.177056e-01 1.304554e-11 0.000000e+00 -5.737706e-11 
1.175382e-01 1.235217e-11 0.000000e+00 -5.776865e-11 
1.173701e-01 1.165024e-11 0.000000e+00 -5.814765e-11 
1.172013e-01 1.093999e-11 0.000000e+00 -5.851394e-11 
1.170317e-01 1.022161e-11 0.000000e+00 -5.886743e-11 
1.168613e-01 9.495329e-12 0.000000e+00 -5.920800e-11 
1.166902e-01 8.761363e-12 0.000000e+00 -5.953557e-11 
1.165183e-01 8.019931e-12 0.000000e+00 -5.985004e-11 
1.163456e-01 7.271258e-12 0.000000e+00 -6.015133e-11 
1.161722e-01 6.515568e-12 0.000000e+00 -6.043935e-11 
1.159980e-01 5.753088e-12 0.000000e+00 -6.071403e-11 
1.158230e-01 4.984048e-12 0.000000e+00 -6.097529e-11 
1.156473e-01 4.208677e-12 0.000000e+00 -6.122306e-11 
1.154707e-01 3.427209e-12 0.000000e+00 -6.145728e-11 
1.152935e-01 2.639878e-12 0.000000e+00 -6.167788e-11 
1.151154e-01 1.846920e-12 0.000000e+00 -6.188480e-11 
1.149366e-01 1.048573e-12 0.000000e+00 -6.207800e-11 
1.147570e-01 2.450739e-13 0.000000e+00 -6.225743e-11 
1.145766e-01 -5.633354e-13 0.000000e+00 -6.242304e-11 
1.143954e-01 -1.376414e-12 0.000000e+00 -6.257478e-11 
1.142135e-01 -2.193919e-12 0.000000e+00 -6.271263e-11 
1.140307e-01 -3.015606e-12 0.000000e+00 -6.283656e-11 
1.138472e-01 -3.841232e-12 0.000000e+00 -6.294653e-11 
1.136629e-01 -4.670550e-12 0.000000e+00 -6.304253e-11 
1.134778e-01 -5.503313e-12 0.000000e+00 -6.312454e-11 
1.132920e-01 -6.339275e-12 0.000000e+00 -6.319254e-11 
1.131053e-01 -7.178187e-12 0.000000e+00 -6.324652e-11 
1.129179e-01 -8.019801e-12 0.000000e+00 -6.328648e-11 
1.127296e-01 -8.863867e-12 0.000000e+00 -6.331242e-11 
1.125406e-01 -9.710137e-12 0.000000e+00 -6.332434e-11 
1.123508e-01 -1.055836e-11 0.000000e+00 -6.332225e-11 
1.121602e-01 -1.140829e-11 0.000000e+00 -6.330616e-11 
1.119688e-01 -1.225966e-11 0.000000e+00 -6.327609e-11 
1.117766e-01 -1.311225e-11 0.000000e+00 -6.323207e-11 
1.115836e-01 -1.396578e-11 0.000000e+00 -6.317411e-11 
1.113898e-01 -1.482002e-11 0.000000e+00 -6.310224e-11 
1.111952e-01 -1.567470e-11 0.000000e+00 -6.301650e-11 
1.109998e-01 -1.652959e-11 0.000000e+00 -6.291693e-11 
1.108035e-01 -1.738444e-11 0.000000e+00 -6.280358e-11 
1.106065e-01 -1.823898e-11 0.000000e+00 -6.267647e-11 
1.104087e-01 -1.909299e-11 0.000000e+00 -6.253568e-11 
1.102101e-01 -1.994620e-11 0.000000e+00 -6.238125e-11 
1.100107e-01 -2.079837e-11 0.000000e+00 -6.221324e-11 
1.098105e-01 -2.164925e-11 0.000000e+00 -6.203172e-11 
1.096094e-01 -2.249861e-11 0.000000e+00 -6.183675e-11 
1.094076e-01 -2.334619e-11 0.000000e+00 -6.162840e-11 
1.092049e-01 -2.419174e-11 0.000000e+00 -6.140675e-11 
1.090014e-01 -2.503504e-11 0.000000e+00 -6.117189e-11 
1.087971e-01 -2.587583e-11 0.000000e+00 -6.092388e-11 
1.085920e-01 -2.671388e-11 0.000000e+00 -6.066283e-11 
1.083861e-01 -2.754895e-11 0.000000e+00 -6.038882e-11 
1.081794e-01 -2.838080e-11 0.000000e+00 -6.010194e-11 
1.079718e-01 -2.920919e-11 0.000000e+00 -5.980230e-11 
1.077635e-01 -3.003390e-11 0.000000e+00 -5.949000e-11 
1.075543e-01 -3.085468e-11 0.000000e+00 -5.916515e-11 
1.073443e-01 -3.167131e-11 0.000000e+00 -5.882785e-11 
1.071334e-01 -3.248356e-11 0.000000e+00 -5.847822e-11 
1.069218e-01 -3.329120e-11 0.000000e+00 -5.811637e-11 
1.067093e-01 -3.409400e-11 0.000000e+00 -5.774244e-11 
1.064960e-01 -3.489175e-11 0.000000e+00 -5.735653e-11 
1.062818e-01 -3.568422e-11 0.000000e+00 -5.695879e-11 
1.060668e-01 -3.647119e-11 0.000000e+00 -5.654934e-11 
1.058510e-01 -3.725245e-11 0.000000e+00 -5.612832e-11 
1.056344e-01 -3.802778e-11 0.000000e+00 -5.569587e-11 
1.054169e-01 -3.879697e-11 0.000000e+00 -5.525212e-11 
1.051987e-01 -3.955981e-11 0.000000e+00 -5.479722e-11 
1.049795e-01 -4.031610e-11 0.000000e+00 -5.433133e-11 
1.047596e-01 -4.106562e-11 0.000000e+00 -5.385458e-11 
1.045388e-01 -4.180818e-11 0.000000e+00 -5.336714e-11 
1.043171e-01 -4.254357e-11 0.000000e+00 -5.286916e-11 
1.040946e-01 -4.327161e-11 0.000000e+00 -5.236081e-11 
1.038713e-01 -4.399209e-11 0.000000e+00 -5.184224e-11 
1.036472e-01 -4.470483e-11 0.000000e+00 -5.131362e-11 
1.034222e-01 -4.540964e-11 0.000000e+00 -5.077512e-11 
1.031963e-01 -4.610634e-11 0.000000e+00 -5.022690e-11 
1.029697e-01 -4.679473e-11 0.000000e+00 -4.966916e-11 
1.027421e-01 -4.747465e-11 0.000000e+00 -4.910205e-11 
1.025137e-01 -4.814592e-11 0.000000e+00 -4.852577e-11 
1.022845e-01 -4.880836e-11 0.000000e+00 -4.794049e-11 
1.020545e-01 -4.946181e-11 0.000000e+00 -4.734639e-11 
1.018235e-01 -5.010610e-11 0.000000e+00 -4.674366e-11 
1.015918e-01 -5.074107e-11 0.000000e+00 -4.613249e-11 
1.013591e-01 -5.136656e-11 0.000000e+00 -4.551307e-11 
1.011257e-01 -5.198241e-11 0.000000e+00 -4.488559e-11 
1.008913e-01 -5.258847e-11 0.000000e+00 -4.425025e-11 
1.006562e-01 -5.318460e-11 0.000000e+00 -4.360725e-11 
1.004201e-01 -5.377064e-11 0.000000e+00 -4.295678e-11 
1.001832e-01 -5.434646e-11 0.000000e+00 -4.229903e-11 
9.994548e-02 -5.491192e-11 0.000000e+00 -4.163423e-11 
9.970687e-02 -5.546689e-11 0.000000e+00 -4.096256e-11 
9.946740e-02 -5.601123e-11 0.000000e+00 -4.028424e-11 
9.922707e-02 -5.654482e-11 0.000000e+00 -3.959946e-11 
9.898588e-02 -5.706754e-11 0.000000e+00 -3.890845e-11 
9.874383e-02 -5.757926e-11 0.000000e+00 -3.821141e-11 
9.850091e-02 -5.807987e-11 0.000000e+00 -3.750854e-11 
9.825713e-02 -5.856927e-11 0.000000e+00 -3.680007e-11 
9.801248e-02 -5.904733e-11 0.000000e+00 -3.608621e-11 
9.776696e-02 -5.951397e-11 0.000000e+00 -3.536717e-11 
9.752058e-02 -5.996908e-11 0.000000e+00 -3.464316e-11 
9.727333e-02 -6.041257e-11 0.000000e+00 -3.391441e-11 
9.702521e-02 -6.084433e-11 0.000000e+00 -3.318113e-11 
9.677622e-02 -6.126430e-11 0.000000e+00 -3.244355e-11 
9.652635e-02 -6.167238e-11 0.000000e+00 -3.170187e-11 
9.627561e-02 -6.206849e-11 0.000000e+00 -3.095632e-11 
9.602400e-02 -6.245257e-11 0.000000e+00 -3.020711e-11 
9.577152e-02 -6.282453e-11 0.000000e+00 -2.945448e-11 
9.551815e-02 -6.318431e-11 0.000000e+00 -2.869864e-11 
9.526392e-02 -6.353185e-11 0.000000e+00 -2.793982e-11 
9.500880e-02 -6.386709e-11 0.000000e+00 -2.717823e-11 
9.475280e-02 -6.418997e-11 0.000000e+00 -2.641410e-11 
9.449593e-02 -6.450045e-11 0.000000e+00 -2.564764e-11 
9.423817e-02 -6.479848e-11 0.000000e+00 -2.487909e-11 
9.397953e-02 -6.508402e-11 0.000000e+00 -2.410867e-11 
9.372001e-02 -6.535702e-11 0.000000e+00 -2.333659e-11 
9.345961e-02 -6.561746e-11 0.000000e+00 -2.256308e-11 
9.319832e-02 -6.586530e-11 0.000000e+00 -2.178837e-11 
9.293615e-02 -6.610052e-11 0.000000e+00 -2.101266e-11 
9.267309e-02 -6.632310e-11 0.000000e+00 -2.023619e-11 
9.240914e-02 -6.653301e-11 0.000000e+00 -1.945918e-11 
9.214430e-02 -6.673026e-11 0.000000e+00 -1.868183e-11 
9.187857e-02 -6.691482e-11 0.000000e+00 -1.790439e-11 
9.161196e-02 -6.708670e-11 0.000000e+00 -1.712706e-11 
9.134445e-02 -6.724589e-11 0.000000e+00 -1.635006e-11 
9.107605e-02 -6.739240e-11 0.000000e+00 -1.557360e-11 
9.080675e-02 -6.752622e-11 0.000000e+00 -1.479792e-11 
9.053656e-02 -6.764739e-11 0.000000e+00 -1.402321e-11 
9.026548e-02 -6.775590e-11 0.000000e+00 -1.324970e-11 
8.999350e-02 -6.785178e-11 0.000000e+00 -1.247760e-11 
8.972063e-02 -6.793505e-11 0.000000e+00 -1.170712e-11 
8.944685e-02 -6.800574e-11 0.000000e+00 -1.093848e-11 
8.917218e-02 -6.806389e-11 0.000000e+00 -1.017187e-11 
8.889660e-02 -6.810952e-11 0.000000e+00 -9.407516e-12 
8.862013e-02 -6.814267e-11 0.000000e+00 -8.645617e-12 
8.834276e-02 -6.816340e-11 0.000000e+00 -7.886380e-12 
8.806448e-02 -6.817174e-11 0.000000e+00 -7.130010e-12 
8.778530e-02 -6.816775e-11 0.000000e+00 -6.376708e-12 
8.750521e-02 -6.815148e-11 0.000000e+00 -5.626674e-12 
8.722422e-02 -6.812298e-11 0.000000e+00 -4.880107e-12 
8.694232e-02 -6.808233e-11 0.000000e+00 -4.137204e-12 
8.665952e-02 -6.802959e-11 0.000000e+00 -3.398161e-12 
8.637581e-02 -6.796482e-11 0.000000e+00 -2.663169e-12 
8.609118e-02 -6.788810e-11 0.000000e+00 -1.932420e-12 
8.580565e-02 -6.779951e-11 0.000000e+00 -1.206103e-12 
8.551921e-02 -6.769912e-11 0.000000e+00 -4.844052e-13 
8.523186e-02 -6.758702e-11 0.000000e+00 2.324895e-13 
8.494359e-02 -6.746330e-11 0.000000e+00 9.443986e-13 
8.465441e-02 -6.732804e-11 0.000000e+00 1.651142e-12 
8.436432e-02 -6.718135e-11 0.000000e+00 2.352542e-12 
8.407331e-02 -6.702332e-11 0.000000e+00 3.048422e-12 
8.378138e-02 -6.685404e-11 0.000000e+00 3.738611e-12 
8.348854e-02 -6.667362e-11 0.000000e+00 4.422938e-12 
8.319478e-02 -6.648218e-11 0.000000e+00 5.101236e-12 
8.290011e-02 -6.627981e-11 0.000000e+00 5.773337e-12 
8.260451e-02 -6.606664e-11 0.000000e+00 6.439082e-12 
8.230799e-02 -6.584278e-11 0.000000e+00 7.098308e-12 
8.201055e-02 -6.560834e-11 0.000000e+00 7.750861e-12 
8.171219e-02 -6.536345e-11 0.000000e+00 8.396584e-12 
8.141290e-02 -6.510824e-11 0.000000e+00 9.035327e-12 
8.111270e-02 -6.484283e-11 0.000000e+00 9.666941e-12 
8.081156e-02 -6.456735e-11 0.000000e+00 1.029128e-11 
8.050950e-02 -6.428194e-11 0.000000e+00 1.090820e-11 
8.020652e-02 -6.398673e-11 0.000000e+00 1.151757e-11 
7.990261e-02 -6.368187e-11 0.000000e+00 1.211924e-11 
7.959777e-02 -6.336748e-11 0.000000e+00 1.271309e-11 
7.929200e-02 -6.304372e-11 0.000000e+00 1.329897e-11 
7.898530e-02 -6.271073e-11 0.000000e+00 1.387678e-11 
7.867767e-02 -6.236867e-11 0.000000e+00 1.444637e-11 
7.836911e-02 -6.201767e-11 0.000000e+00 1.500764e-11 
7.805962e-02 -6.165789e-11 0.000000e+00 1.556045e-11 
7.774919e-02 -6.128950e-11 0.000000e+00 1.610471e-11 
7.743783e-02 -6.091264e-11 0.000000e+00 1.664029e-11 
7.712554e-02 -6.052747e-11 0.000000e+00 1.716710e-11 
7.681231e-02 -6.013416e-11 0.000000e+00 1.768502e-11 
7.649814e-02 -5.973287e-11 0.000000e+00 1.819396e-11 
7.618303e-02 -5.932377e-11 0.000000e+00 1.869381e-11 
7.586699e-02 -5.890701e-11 0.000000e+00 1.918449e-11 
7.555001e-02 -5.848278e-11 0.000000e+00 1.966590e-11 
7.523209e-02 -5.805123e-11 0.000000e+00 2.013795e-11 
7.491323e-02 -5.761254e-11 0.000000e+00 2.060057e-11 
7.459343e-02 -5.716689e-11 0.000000e+00 2.105367e-11 
7.427268e-02 -5.671445e-11 0.000000e+00 2.149718e-11 
7.395100e-02 -5.625539e-11 0.000000e+00 2.193103e-11 
7.362837e-02 -5.578990e-11 0.000000e+00 2.235513e-11 
7.330479e-02 -5.531814e-11 0.000000e+00 2.276944e-11 
7.298027e-02 -5.484031e-11 0.000000e+00 2.317388e-11 
7.265481e-02 -5.435658e-11 0.000000e+00 2.356840e-11 
7.232839e-02 -5.386713e-11 0.000000e+00 2.395295e-11 
7.200103e-02 -5.337215e-11 0.000000e+00 2.432746e-11 
7.167272e-02 -5.287182e-11 0.000000e+00 2.469190e-11 
7.134346e-02 -5.236632e-11 0.000000e+00 2.504622e-11 
7.101326e-02 -5.185584e-11 0.000000e+00 2.539039e-11 
7.068210e-02 -5.134057e-11 0.000000e+00 2.572435e-11 
7.034999e-02 -5.082069e-11 0.000000e+00 2.604809e-11 
7.001692e-02 -5.029639e-11 0.000000e+00 2.636157e-11 
6.968291e-02 -4.976785e-11 0.000000e+00 2.666476e-11 
6.934794e-02 -4.923527e-11 0.000000e+00 2.695765e-11 
6.901201e-02 -4.869884e-11 0.000000e+00 2.724022e-11 
6.867514e-02 -4.815874e-11 0.000000e+00 2.751244e-11 
6.833730e-02 -4.761515e-11 0.000000e+00 2.777432e-11 
6.799851e-02 -4.706828e-11 0.000000e+00 2.802584e-11 
6.765876e-02 -4.651830e-11 0.000000e+00 2.826700e-11 
6.731805e-02 -4.596541e-11 0.000000e+00 2.849780e-11 
6.697638e-02 -4.540980e-11 0.000000e+00 2.871823e-11 
6.663376e-02 -4.485165e-11 0.000000e+00 2.892832e-11 
6.629017e-02 -4.429116e-11 0.000000e+00 2.912807e-11 
6.594562e-02 -4.372850e-11 0.000000e+00 2.931750e-11 
6.560011e-02 -4.316388e-11 0.000000e+00 2.949661e-11 
6.525363e-02 -4.259747e-11 0.000000e+00 2.966544e-11 
6.490620e-02 -4.202946e-11 0.000000e+00 2.982401e-11 
6.455779e-02 -4.146004e-11 0.000000e+00 2.997235e-11 
6.420843e-02 -4.088939e-11 0.000000e+00 3.011048e-11 
6.385809e-02 -4.031770e-11 0.000000e+00 3.023845e-11 
6.350680e-02 -3.974516e-11 0.000000e+00 3.035628e-11 
6.315453e-02 -3.917193e-11 0.000000e+00 3.046404e-11 
6.280130e-02 -3.859822e-11 0.000000e+00 3.056175e-11 
6.244709e-02 -3.802420e-11 0.000000e+00 3.064948e-11 
6.209192e-02 -3.745004e-11 0.000000e+00 3.072726e-11 
6.173578e-02 -3.687593e-11 0.000000e+00 3.079517e-11 
6.137867e-02 -3.630205e-11 0.000000e+00 3.085325e-11 
6.102058e-02 -3.572857e-11 0.000000e+00 3.090156e-11 
6.066152e-02 -3.515566e-11 0.000000e+00 3.094018e-11 
6.030149e-02 -3.458351e-11 0.000000e+00 3.096918e-11 
5.994049e-02 -3.401228e-11 0.000000e+00 3.098861e-11 
5.957851e-02 -3.344214e-11 0.000000e+00 3.099857e-11 
5.921556e-02 -3.287327e-11 0.000000e+00 3.099912e-11 
5.885163e-02 -3.230583e-11 0.000000e+00 3.099035e-11 
5.848673e-02 -3.173998e-11 0.000000e+00 3.097234e-11 
5.812085e-02 -3.117590e-11 0.000000e+00 3.094518e-11 
5.775399e-02 -3.061374e-11 0.000000e+00 3.090895e-11 
5.738615e-02 -3.005366e-11 0.000000e+00 3.086376e-11 
5.701733e-02 -2.949583e-11 0.000000e+00 3.080970e-11 
5.664753e-02 -2.894039e-11 0.000000e+00 3.074686e-11 
5.627676e-02 -2.838751e-11 0.000000e+00 3.067535e-11 
5.590500e-02 -2.783734e-11 0.000000e+00 3.059527e-11 
5.553226e-02 -2.729002e-11 0.000000e+00 3.050672e-11 
5.515853e-02 -2.674571e-11 0.000000e+00 3.040983e-11 
5.478383e-02 -2.620455e-11 0.000000e+00 3.030469e-11 
5.440814e-02 -2.566669e-11 0.000000e+00 3.019143e-11 
5.403146e-02 -2.513226e-11 0.000000e+00 3.007015e-11 
5.365380e-02 -2.460141e-11 0.000000e+00 2.994099e-11 
5.327516e-02 -2.407426e-11 0.000000e+00 2.980406e-11 
5.289552e-02 -2.355097e-11 0.000000e+00 2.965948e-11 
5.251490e-02 -2.303165e-11 0.000000e+00 2.950739e-11 
5.213330e-02 -2.251644e-11 0.000000e+00 2.934791e-11 
5.175070e-02 -2.200546e-11 0.000000e+00 2.918117e-11 
5.136711e-02 -2.149883e-11 0.000000e+00 2.900731e-11 
5.098254e-02 -2.099669e-11 0.000000e+00 2.882646e-11 
5.059697e-02 -2.049913e-11 0.000000e+00 2.863876e-11 
5.021042e-02 -2.000629e-11 0.000000e+00 2.844434e-11 
4.982287e-02 -1.951827e-11 0.000000e+00 2.824336e-11 
4.943433e-02 -1.903518e-11 0.000000e+00 2.803594e-11 
4.904479e-02 -1.855713e-11 0.000000e+00 2.782225e-11 
4.865426e-02 -1.808422e-11 0.000000e+00 2.760242e-11 
4.826274e-02 -1.761655e-11 0.000000e+00 2.737660e-11 
4.787022e-02 -1.715422e-11 0.000000e+00 2.714495e-11 
4.747671e-02 -1.669733e-11 0.000000e+00 2.690760e-11 
4.708220e-02 -1.624597e-11 0.000000e+00 2.666473e-11 
4.668669e-02 -1.580021e-11 0.000000e+00 2.641648e-11 
4.629019e-02 -1.536016e-11 0.000000e+00 2.616301e-11 
4.589269e-02 -1.492589e-11 0.000000e+00 2.590448e-11 
4.549419e-02 -1.449748e-11 0.000000e+00 2.564104e-11 
4.509469e-02 -1.407500e-11 0.000000e+00 2.537286e-11 
4.469419e-02 -1.365853e-11 0.000000e+00 2.510009e-11 
4.429269e-02 -1.324814e-11 0.000000e+00 2.482290e-11 
4.389018e-02 -1.284388e-11 0.000000e+00 2.454146e-11 
4.348668e-02 -1.244583e-11 0.000000e+00 2.425592e-11 
4.308217e-02 -1.205405e-11 0.000000e+00 2.396646e-11 
4.267666e-02 -1.166858e-11 0.000000e+00 2.367324e-11 
4.227015e-02 -1.128948e-11 0.000000e+00 2.337642e-11 
4.186263e-02 -1.091680e-11 0.000000e+00 2.307617e-11 
4.145411e-02 -1.055058e-11 0.000000e+00 2.277267e-11 
4.104458e-02 -1.019086e-11 0.000000e+00 2.246608e-11 
4.063405e-02 -9.837686e-12 0.000000e+00 2.215657e-11 
4.022251e-02 -9.491089e-12 0.000000e+00 2.184431e-11 
3.980996e-02 -9.151098e-12 0.000000e+00 2.152948e-11 
3.939641e-02 -8.817742e-12 0.000000e+00 2.121223e-11 
3.898184e-02 -8.491044e-12 0.000000e+00 2.089275e-11 
3.856627e-02 -8.171024e-12 0.000000e+00 2.057121e-11 
3.814969e-02 -7.857698e-12 0.000000e+00 2.024777e-11 
3.773210e-02 -7.551080e-12 0.000000e+00 1.992261e-11 
3.731349e-02 -7.251178e-12 0.000000e+00 1.959591e-11 
3.689388e-02 -6.957999e-12 0.000000e+00 1.926782e-11 
3.647325e-02 -6.671543e-12 0.000000e+00 1.893853e-11 
3.605161e-02 -6.391810e-12 0.000000e+00 1.860820e-11 
3.562896e-02 -6.118794e-12 0.000000e+00 1.827700e-11 
3.520529e-02 -5.852486e-12 0.000000e+00 1.794512e-11 
3.478061e-02 -5.592873e-12 0.000000e+00 1.761270e-11 
3.435492e-02 -5.339938e-12 0.000000e+00 1.727994e-11 
3.392821e-02 -5.093662e-12 0.000000e+00 1.694698e-11 
3.350048e-02 -4.854020e-12 0.000000e+00 1.661401e-11 
3.307174e-02 -4.620986e-12 0.000000e+00 1.628119e-11 
3.264198e-02 -4.394527e-12 0.000000e+00 1.594869e-11 
3.221120e-02 -4.174610e-12 0.000000e+00 1.561666e-11 
3.177940e-02 -3.961195e-12 0.000000e+00 1.528529e-11 
3.134659e-02 -3.754240e-12 0.000000e+00 1.495472e-11 
3.091276e-02 -3.553699e-12 0.000000e+00 1.462513e-11 
3.047790e-02 -3.359524e-12 0.000000e+00 1.429666e-11 
3.004203e-02 -3.171659e-12 0.000000e+00 1.396949e-11 
2.960513e-02 -2.990050e-12 0.000000e+00 1.364377e-11 
2.916722e-02 -2.814635e-12 0.000000e+00 1.331965e-11 
2.872828e-02 -2.645351e-12 0.000000e+00 1.299729e-11 
2.828832e-02 -2.482130e-12 0.000000e+00 1.267684e-11 
2.784733e-02 -2.324902e-12 0.000000e+00 1.235845e-11 
2.740533e-02 -2.173592e-12 0.000000e+00 1.204227e-11 
2.696229e-02 -2.028123e-12 0.000000e+00 1.172844e-11 
2.651824e-02 -1.888414e-12 0.000000e+00 1.141711e-11 
2.607316e-02 -1.754381e-12 0.000000e+00 1.110841e-11 
2.562705e-02 -1.625936e-12 0.000000e+00 1.080249e-11 
2.517992e-02 -1.502990e-12 0.000000e+00 1.049947e-11 
2.473175e-02 -1.385449e-12 0.000000e+00 1.019949e-11 
2.428257e-02 -1.273217e-12 0.000000e+00 9.902666e-12 
2.383235e-02 -1.166196e-12 0.000000e+00 9.609132e-12 
2.338111e-02 -1.064283e-12 0.000000e+00 9.319003e-12 
2.292883e-02 -9.673747e-13 0.000000e+00 9.032396e-12 
2.247553e-02 -8.753655e-13 0.000000e+00 8.749420e-12 
2.202120e-02 -7.881464e-13 0.000000e+00 8.470182e-12 
2.156584e-02 -7.056070e-13 0.000000e+00 8.194783e-12 
2.110944e-02 -6.276350e-13 0.000000e+00 7.923319e-12 
2.065202e-02 -5.541164e-13 0.000000e+00 7.655881e-12 
2.019356e-02 -4.849358e-13 0.000000e+00 7.392554e-12 
1.973407e-02 -4.199762e-13 0.000000e+00 7.133418e-12 
1.927355e-02 -3.591199e-13 0.000000e+00 6.878545e-12 
1.881199e-02 -3.022482e-13 0.000000e+00 6.628001e-12 
1.834940e-02 -2.492417e-13 0.000000e+00 6.381846e-12 
1.788577e-02 -1.999806e-13 0.000000e+00 6.140133e-12 
1.742111e-02 -1.543449e-13 0.000000e+00 5.902905e-12 
1.695542e-02 -1.122145e-13 0.000000e+00 5.670201e-12 
1.648869e-02 -7.346962e-14 0.000000e+00 5.442049e-12 
1.602092e-02 -3.799094e-14 0.000000e+00 5.218470e-12 
1.555212e-02 -5.659698e-15 0.000000e+00 4.999476e-12 
1.508227e-02 2.364202e-14 0.000000e+00 4.785070e-12 
1.461139e-02 5.003109e-14 0.000000e+00 4.575245e-12 
1.413947e-02 7.362322e-14 0.000000e+00 4.369987e-12 
1.366652e-02 9.453276e-14 0.000000e+00 4.169271e-12 
1.319252e-02 1.128726e-13 0.000000e+00 3.973061e-12 
1.271748e-02 1.287540e-13 0.000000e+00 3.781314e-12 
1.224141e-02 1.422864e-13 0.000000e+00 3.593974e-12 
1.176429e-02 1.535778e-13 0.000000e+00 3.410978e-12 
1.128613e-02 1.627339e-13 0.000000e+00 3.232252e-12 
1.080693e-02 1.698588e-13 0.000000e+00 3.057712e-12 
1.032669e-02 1.750546e-13 0.000000e+00 2.887266e-12 
9.845399e-03 1.784213e-13 0.000000e+00 2.720811e-12 
9.363070e-03 1.800573e-13 0.000000e+00 2.558236e-12 
8.879697e-03 1.800586e-13 0.000000e+00 2.399421e-12 
8.395280e-03 1.785197e-13 0.000000e+00 2.244241e-12 
7.909819e-03 1.755330e-13 0.000000e+00 2.092558e-12 
7.423312e-03 1.711889e-13 0.000000e+00 1.944231e-12 
6.935760e-03 1.655761e-13 0.000000e+00 1.799109e-12 
6.447162e-03 1.587813e-13 0.000000e+00 1.657036e-12 
5.957517e-03 1.508895e-13 0.000000e+00 1.517848e-12 
5.466826e-03 1.419839e-13 0.000000e+00 1.381374e-12 
4.975088e-03 1.321459e-13 0.000000e+00 1.247433e-12 
4.482301e-03 1.214556e-13 0.000000e+00 1.115837e-12 
3.988466e-03 1.099917e-13 0.000000e+00 9.863852e-13 
3.493583e-03 9.783220e-14 0.000000e+00 8.588670e-13 
2.997651e-03 8.505479e-14 0.000000e+00 7.330563e-13 
2.500669e-03 7.173781e-14 0.000000e+00 6.087131e-13 
2.002637e-03 5.796132e-14 0.000000e+00 4.855833e-13 
1.503554e-03 4.380842e-14 0.000000e+00 3.634025e-13 
1.003421e-03 2.936679e-14 0.000000e+00 2.419044e-13 
5.022364e-04 1.473028e-14 0.000000e+00 1.208385e-13 
0.000000e+00 0.000000e+00 0.000000e+00 0.000000e+00 
