time=300.000000
u1[0] u1[1] u2[0] u2[1]n1.381786e-01 0.000000e+00 0.000000e+00 0.000000e+00 
1.381786e-01 5.700213e-12 0.000000e+00 -8.297914e-13 
1.381787e-01 1.140418e-11 0.000000e+00 -1.638895e-12 
1.381790e-01 1.710795e-11 0.000000e+00 -2.440398e-12 
1.381794e-01 2.281064e-11 0.000000e+00 -3.238496e-12 
1.381799e-01 2.851170e-11 0.000000e+00 -4.034894e-12 
1.381805e-01 3.421067e-11 0.000000e+00 -4.830406e-12 
1.381812e-01 3.990715e-11 0.000000e+00 -5.625428e-12 
1.381820e-01 4.560076e-11 0.000000e+00 -6.420136e-12 
1.381830e-01 5.129112e-11 0.000000e+00 -7.214583e-12 
1.381840e-01 5.697786e-11 0.000000e+00 -8.008751e-12 
1.381852e-01 6.266061e-11 0.000000e+00 -8.802585e-12 
1.381865e-01 6.833900e-11 0.000000e+00 -9.596004e-12 
1.381879e-01 7.401264e-11 0.000000e+00 -1.038892e-11 
1.381893e-01 7.968116e-11 0.000000e+00 -1.118124e-11 
1.381910e-01 8.534418e-11 0.000000e+00 -1.197287e-11 
1.381927e-01 9.100130e-11 0.000000e+00 -1.276372e-11 
1.381945e-01 9.665214e-11 0.000000e+00 -1.355370e-11 
1.381964e-01 1.022963e-10 0.000000e+00 -1.434275e-11 
1.381985e-01 1.079334e-10 0.000000e+00 -1.513078e-11 
1.382006e-01 1.135631e-10 0.000000e+00 -1.591772e-11 
1.382029e-01 1.191849e-10 0.000000e+00 -1.670352e-11 
1.382053e-01 1.247984e-10 0.000000e+00 -1.748812e-11 
1.382078e-01 1.304033e-10 0.000000e+00 -1.827147e-11 
1.382103e-01 1.359992e-10 0.000000e+00 -1.905352e-11 
1.382131e-01 1.415857e-10 0.000000e+00 -1.983424e-11 
1.382159e-01 1.471623e-10 0.000000e+00 -2.061358e-11 
1.382188e-01 1.527288e-10 0.000000e+00 -2.139151e-11 
1.382218e-01 1.582846e-10 0.000000e+00 -2.216801e-11 
1.382249e-01 1.638295e-10 0.000000e+00 -2.294305e-11 
1.382282e-01 1.693630e-10 0.000000e+00 -2.371661e-11 
1.382315e-01 1.748847e-10 0.000000e+00 -2.448866e-11 
1.382350e-01 1.803942e-10 0.000000e+00 -2.525921e-11 
1.382386e-01 1.858912e-10 0.000000e+00 -2.602822e-11 
1.382422e-01 1.913752e-10 0.000000e+00 -2.679570e-11 
1.382460e-01 1.968459e-10 0.000000e+00 -2.756163e-11 
1.382499e-01 2.023029e-10 0.000000e+00 -2.832601e-11 
1.382539e-01 2.077459e-10 0.000000e+00 -2.908884e-11 
1.382580e-01 2.131743e-10 0.000000e+00 -2.985011e-11 
1.382622e-01 2.185878e-10 0.000000e+00 -3.060982e-11 
1.382665e-01 2.239862e-10 0.000000e+00 -3.136798e-11 
1.382709e-01 2.293688e-10 0.000000e+00 -3.212459e-11 
1.382754e-01 2.347355e-10 0.000000e+00 -3.287965e-11 
1.382800e-01 2.400858e-10 0.000000e+00 -3.363318e-11 
1.382847e-01 2.454193e-10 0.000000e+00 -3.438518e-11 
1.382896e-01 2.507356e-10 0.000000e+00 -3.513566e-11 
1.382945e-01 2.560344e-10 0.000000e+00 -3.588464e-11 
1.382995e-01 2.613153e-10 0.000000e+00 -3.663213e-11 
1.383046e-01 2.665779e-10 0.000000e+00 -3.737813e-11 
1.383099e-01 2.718218e-10 0.000000e+00 -3.812268e-11 
1.383152e-01 2.770467e-10 0.000000e+00 -3.886578e-11 
1.383206e-01 2.822521e-10 0.000000e+00 -3.960746e-11 
1.383262e-01 2.874378e-10 0.000000e+00 -4.034774e-11 
1.383318e-01 2.926032e-10 0.000000e+00 -4.108663e-11 
1.383375e-01 2.977482e-10 0.000000e+00 -4.182416e-11 
1.383434e-01 3.028722e-10 0.000000e+00 -4.256036e-11 
1.383493e-01 3.079749e-10 0.000000e+00 -4.329525e-11 
1.383553e-01 3.130559e-10 0.000000e+00 -4.402885e-11 
1.383615e-01 3.181149e-10 0.000000e+00 -4.476120e-11 
1.383677e-01 3.231515e-10 0.000000e+00 -4.549233e-11 
1.383740e-01 3.281653e-10 0.000000e+00 -4.622226e-11 
1.383804e-01 3.331559e-10 0.000000e+00 -4.695104e-11 
1.383870e-01 3.381230e-10 0.000000e+00 -4.767869e-11 
1.383936e-01 3.430663e-10 0.000000e+00 -4.840525e-11 
1.384003e-01 3.479852e-10 0.000000e+00 -4.913076e-11 
1.384071e-01 3.528795e-10 0.000000e+00 -4.985526e-11 
1.384140e-01 3.577488e-10 0.000000e+00 -5.057879e-11 
1.384210e-01 3.625928e-10 0.000000e+00 -5.130138e-11 
1.384280e-01 3.674110e-10 0.000000e+00 -5.202309e-11 
1.384352e-01 3.722031e-10 0.000000e+00 -5.274395e-11 
1.384425e-01 3.769687e-10 0.000000e+00 -5.346403e-11 
1.384498e-01 3.817075e-10 0.000000e+00 -5.418336e-11 
1.384573e-01 3.864190e-10 0.000000e+00 -5.490199e-11 
1.384648e-01 3.911030e-10 0.000000e+00 -5.561998e-11 
1.384724e-01 3.957590e-10 0.000000e+00 -5.633738e-11 
1.384802e-01 4.003868e-10 0.000000e+00 -5.705425e-11 
1.384880e-01 4.049858e-10 0.000000e+00 -5.777065e-11 
1.384958e-01 4.095558e-10 0.000000e+00 -5.848663e-11 
1.385038e-01 4.140964e-10 0.000000e+00 -5.920225e-11 
1.385119e-01 4.186072e-10 0.000000e+00 -5.991759e-11 
1.385200e-01 4.230879e-10 0.000000e+00 -6.063270e-11 
1.385283e-01 4.275380e-10 0.000000e+00 -6.134766e-11 
1.385366e-01 4.319573e-10 0.000000e+00 -6.206253e-11 
1.385450e-01 4.363453e-10 0.000000e+00 -6.277738e-11 
1.385535e-01 4.407017e-10 0.000000e+00 -6.349229e-11 
1.385620e-01 4.450261e-10 0.000000e+00 -6.420734e-11 
1.385707e-01 4.493181e-10 0.000000e+00 -6.492259e-11 
1.385794e-01 4.535774e-10 0.000000e+00 -6.563814e-11 
1.385882e-01 4.578036e-10 0.000000e+00 -6.635406e-11 
1.385971e-01 4.619963e-10 0.000000e+00 -6.707044e-11 
1.386061e-01 4.661552e-10 0.000000e+00 -6.778737e-11 
1.386152e-01 4.702798e-10 0.000000e+00 -6.850493e-11 
1.386243e-01 4.743699e-10 0.000000e+00 -6.922321e-11 
1.386335e-01 4.784250e-10 0.000000e+00 -6.994231e-11 
1.386428e-01 4.824447e-10 0.000000e+00 -7.066232e-11 
1.386521e-01 4.864287e-10 0.000000e+00 -7.138335e-11 
1.386615e-01 4.903766e-10 0.000000e+00 -7.210548e-11 
1.386711e-01 4.942880e-10 0.000000e+00 -7.282883e-11 
1.386806e-01 4.981625e-10 0.000000e+00 -7.355349e-11 
1.386903e-01 5.019998e-10 0.000000e+00 -7.427958e-11 
1.387000e-01 5.057994e-10 0.000000e+00 -7.500719e-11 
1.387098e-01 5.095610e-10 0.000000e+00 -7.573645e-11 
1.387196e-01 5.132842e-10 0.000000e+00 -7.646747e-11 
1.387296e-01 5.169686e-10 0.000000e+00 -7.720035e-11 
1.387396e-01 5.206137e-10 0.000000e+00 -7.793522e-11 
1.387496e-01 5.242192e-10 0.000000e+00 -7.867220e-11 
1.387598e-01 5.277848e-10 0.000000e+00 -7.941140e-11 
1.387700e-01 5.313099e-10 0.000000e+00 -8.015296e-11 
1.387802e-01 5.347943e-10 0.000000e+00 -8.089699e-11 
1.387906e-01 5.382374e-10 0.000000e+00 -8.164363e-11 
1.388010e-01 5.416389e-10 0.000000e+00 -8.239300e-11 
1.388114e-01 5.449983e-10 0.000000e+00 -8.314523e-11 
1.388219e-01 5.483153e-10 0.000000e+00 -8.390045e-11 
1.388325e-01 5.515895e-10 0.000000e+00 -8.465881e-11 
1.388431e-01 5.548203e-10 0.000000e+00 -8.542043e-11 
1.388538e-01 5.580075e-10 0.000000e+00 -8.618546e-11 
1.388646e-01 5.611505e-10 0.000000e+00 -8.695402e-11 
1.388754e-01 5.642489e-10 0.000000e+00 -8.772627e-11 
1.388863e-01 5.673023e-10 0.000000e+00 -8.850234e-11 
1.388972e-01 5.703103e-10 0.000000e+00 -8.928237e-11 
1.389082e-01 5.732725e-10 0.000000e+00 -9.006651e-11 
1.389192e-01 5.761882e-10 0.000000e+00 -9.085491e-11 
1.389303e-01 5.790572e-10 0.000000e+00 -9.164770e-11 
1.389414e-01 5.818790e-10 0.000000e+00 -9.244504e-11 
1.389526e-01 5.846531e-10 0.000000e+00 -9.324707e-11 
1.389638e-01 5.873790e-10 0.000000e+00 -9.405393e-11 
1.389751e-01 5.900564e-10 0.000000e+00 -9.486577e-11 
1.389865e-01 5.926846e-10 0.000000e+00 -9.568275e-11 
1.389978e-01 5.952633e-10 0.000000e+00 -9.650500e-11 
1.390093e-01 5.977919e-10 0.000000e+00 -9.733268e-11 
1.390207e-01 6.002700e-10 0.000000e+00 -9.816592e-11 
1.390323e-01 6.026971e-10 0.000000e+00 -9.900488e-11 
1.390438e-01 6.050728e-10 0.000000e+00 -9.984970e-11 
1.390554e-01 6.073964e-10 0.000000e+00 -1.007005e-10 
1.390670e-01 6.096675e-10 0.000000e+00 -1.015575e-10 
1.390787e-01 6.118856e-10 0.000000e+00 -1.024207e-10 
1.390904e-01 6.140502e-10 0.000000e+00 -1.032904e-10 
1.391022e-01 6.161607e-10 0.000000e+00 -1.041667e-10 
1.391140e-01 6.182168e-10 0.000000e+00 -1.050496e-10 
1.391258e-01 6.202177e-10 0.000000e+00 -1.059394e-10 
1.391377e-01 6.221630e-10 0.000000e+00 -1.068361e-10 
1.391496e-01 6.240522e-10 0.000000e+00 -1.077399e-10 
1.391615e-01 6.258846e-10 0.000000e+00 -1.086509e-10 
1.391735e-01 6.276599e-10 0.000000e+00 -1.095693e-10 
1.391855e-01 6.293774e-10 0.000000e+00 -1.104951e-10 
1.391975e-01 6.310365e-10 0.000000e+00 -1.114284e-10 
1.392095e-01 6.326368e-10 0.000000e+00 -1.123694e-10 
1.392216e-01 6.341776e-10 0.000000e+00 -1.133182e-10 
1.392337e-01 6.356584e-10 0.000000e+00 -1.142749e-10 
1.392458e-01 6.370786e-10 0.000000e+00 -1.152395e-10 
1.392580e-01 6.384376e-10 0.000000e+00 -1.162122e-10 
1.392702e-01 6.397349e-10 0.000000e+00 -1.171929e-10 
1.392824e-01 6.409698e-10 0.000000e+00 -1.181819e-10 
1.392946e-01 6.421418e-10 0.000000e+00 -1.191792e-10 
1.393068e-01 6.432503e-10 0.000000e+00 -1.201847e-10 
1.393191e-01 6.442948e-10 0.000000e+00 -1.211987e-10 
1.393313e-01 6.452745e-10 0.000000e+00 -1.222210e-10 
1.393436e-01 6.461889e-10 0.000000e+00 -1.232519e-10 
1.393559e-01 6.470374e-10 0.000000e+00 -1.242912e-10 
1.393682e-01 6.478194e-10 0.000000e+00 -1.253390e-10 
1.393806e-01 6.485342e-10 0.000000e+00 -1.263953e-10 
1.393929e-01 6.491814e-10 0.000000e+00 -1.274602e-10 
1.394052e-01 6.497602e-10 0.000000e+00 -1.285335e-10 
1.394176e-01 6.502701e-10 0.000000e+00 -1.296153e-10 
1.394300e-01 6.507104e-10 0.000000e+00 -1.307056e-10 
1.394423e-01 6.510805e-10 0.000000e+00 -1.318042e-10 
1.394547e-01 6.513798e-10 0.000000e+00 -1.329113e-10 
1.394671e-01 6.516077e-10 0.000000e+00 -1.340265e-10 
1.394795e-01 6.517636e-10 0.000000e+00 -1.351500e-10 
1.394918e-01 6.518468e-10 0.000000e+00 -1.362815e-10 
1.395042e-01 6.518569e-10 0.000000e+00 -1.374211e-10 
1.395166e-01 6.517930e-10 0.000000e+00 -1.385685e-10 
1.395290e-01 6.516547e-10 0.000000e+00 -1.397236e-10 
1.395414e-01 6.514414e-10 0.000000e+00 -1.408863e-10 
1.395537e-01 6.511524e-10 0.000000e+00 -1.420564e-10 
1.395661e-01 6.507871e-10 0.000000e+00 -1.432337e-10 
1.395784e-01 6.503450e-10 0.000000e+00 -1.444180e-10 
1.395908e-01 6.498254e-10 0.000000e+00 -1.456091e-10 
1.396031e-01 6.492279e-10 0.000000e+00 -1.468068e-10 
1.396155e-01 6.485518e-10 0.000000e+00 -1.480109e-10 
1.396278e-01 6.477965e-10 0.000000e+00 -1.492209e-10 
1.396401e-01 6.469615e-10 0.000000e+00 -1.504367e-10 
1.396524e-01 6.460463e-10 0.000000e+00 -1.516580e-10 
1.396646e-01 6.450503e-10 0.000000e+00 -1.528844e-10 
1.396769e-01 6.439730e-10 0.000000e+00 -1.541156e-10 
1.396891e-01 6.428139e-10 0.000000e+00 -1.553512e-10 
1.397013e-01 6.415724e-10 0.000000e+00 -1.565909e-10 
1.397135e-01 6.402481e-10 0.000000e+00 -1.578342e-10 
1.397257e-01 6.388406e-10 0.000000e+00 -1.590807e-10 
1.397378e-01 6.373493e-10 0.000000e+00 -1.603300e-10 
1.397499e-01 6.357738e-10 0.000000e+00 -1.615816e-10 
1.397620e-01 6.341136e-10 0.000000e+00 -1.628350e-10 
1.397741e-01 6.323684e-10 0.000000e+00 -1.640897e-10 
1.397861e-01 6.305378e-10 0.000000e+00 -1.653453e-10 
1.397981e-01 6.286214e-10 0.000000e+00 -1.666011e-10 
1.398101e-01 6.266188e-10 0.000000e+00 -1.678565e-10 
1.398220e-01 6.245298e-10 0.000000e+00 -1.691110e-10 
1.398339e-01 6.223539e-10 0.000000e+00 -1.703641e-10 
1.398458e-01 6.200910e-10 0.000000e+00 -1.716149e-10 
1.398576e-01 6.177407e-10 0.000000e+00 -1.728629e-10 
1.398694e-01 6.153029e-10 0.000000e+00 -1.741074e-10 
1.398811e-01 6.127772e-10 0.000000e+00 -1.753477e-10 
1.398928e-01 6.101636e-10 0.000000e+00 -1.765830e-10 
1.399045e-01 6.074619e-10 0.000000e+00 -1.778127e-10 
1.399161e-01 6.046720e-10 0.000000e+00 -1.790360e-10 
1.399277e-01 6.017937e-10 0.000000e+00 -1.802520e-10 
1.399392e-01 5.988271e-10 0.000000e+00 -1.814599e-10 
1.399507e-01 5.957721e-10 0.000000e+00 -1.826590e-10 
1.399621e-01 5.926287e-10 0.000000e+00 -1.838484e-10 
1.399735e-01 5.893970e-10 0.000000e+00 -1.850272e-10 
1.399848e-01 5.860770e-10 0.000000e+00 -1.861945e-10 
1.399960e-01 5.826689e-10 0.000000e+00 -1.873493e-10 
1.400072e-01 5.791728e-10 0.000000e+00 -1.884909e-10 
1.400184e-01 5.755890e-10 0.000000e+00 -1.896182e-10 
1.400295e-01 5.719177e-10 0.000000e+00 -1.907303e-10 
1.400405e-01 5.681591e-10 0.000000e+00 -1.918261e-10 
1.400514e-01 5.643137e-10 0.000000e+00 -1.929047e-10 
1.400623e-01 5.603817e-10 0.000000e+00 -1.939650e-10 
1.400732e-01 5.563636e-10 0.000000e+00 -1.950061e-10 
1.400839e-01 5.522600e-10 0.000000e+00 -1.960268e-10 
1.400946e-01 5.480712e-10 0.000000e+00 -1.970262e-10 
1.401053e-01 5.437979e-10 0.000000e+00 -1.980030e-10 
1.401158e-01 5.394407e-10 0.000000e+00 -1.989563e-10 
1.401263e-01 5.350002e-10 0.000000e+00 -1.998850e-10 
1.401367e-01 5.304771e-10 0.000000e+00 -2.007879e-10 
1.401470e-01 5.258724e-10 0.000000e+00 -2.016639e-10 
1.401573e-01 5.211867e-10 0.000000e+00 -2.025119e-10 
1.401675e-01 5.164209e-10 0.000000e+00 -2.033307e-10 
1.401776e-01 5.115760e-10 0.000000e+00 -2.041193e-10 
1.401876e-01 5.066529e-10 0.000000e+00 -2.048764e-10 
1.401975e-01 5.016528e-10 0.000000e+00 -2.056009e-10 
1.402074e-01 4.965767e-10 0.000000e+00 -2.062916e-10 
1.402171e-01 4.914258e-10 0.000000e+00 -2.069475e-10 
1.402268e-01 4.862013e-10 0.000000e+00 -2.075673e-10 
1.402364e-01 4.809045e-10 0.000000e+00 -2.081498e-10 
1.402459e-01 4.755366e-10 0.000000e+00 -2.086940e-10 
1.402553e-01 4.700992e-10 0.000000e+00 -2.091987e-10 
1.402646e-01 4.645937e-10 0.000000e+00 -2.096628e-10 
1.402738e-01 4.590215e-10 0.000000e+00 -2.100850e-10 
1.402829e-01 4.533843e-10 0.000000e+00 -2.104644e-10 
1.402919e-01 4.476837e-10 0.000000e+00 -2.107997e-10 
1.403008e-01 4.419214e-10 0.000000e+00 -2.110899e-10 
1.403096e-01 4.360992e-10 0.000000e+00 -2.113339e-10 
1.403183e-01 4.302188e-10 0.000000e+00 -2.115306e-10 
1.403269e-01 4.242822e-10 0.000000e+00 -2.116789e-10 
1.403354e-01 4.182912e-10 0.000000e+00 -2.117779e-10 
1.403438e-01 4.122479e-10 0.000000e+00 -2.118264e-10 
1.403521e-01 4.061543e-10 0.000000e+00 -2.118236e-10 
1.403602e-01 4.000126e-10 0.000000e+00 -2.117685e-10 
1.403683e-01 3.938249e-10 0.000000e+00 -2.116600e-10 
1.403762e-01 3.875934e-10 0.000000e+00 -2.114973e-10 
1.403841e-01 3.813204e-10 0.000000e+00 -2.112796e-10 
1.403918e-01 3.750083e-10 0.000000e+00 -2.110059e-10 
1.403993e-01 3.686594e-10 0.000000e+00 -2.106754e-10 
1.404068e-01 3.622762e-10 0.000000e+00 -2.102874e-10 
1.404141e-01 3.558611e-10 0.000000e+00 -2.098411e-10 
1.404214e-01 3.494168e-10 0.000000e+00 -2.093358e-10 
1.404285e-01 3.429458e-10 0.000000e+00 -2.087708e-10 
1.404354e-01 3.364507e-10 0.000000e+00 -2.081456e-10 
1.404423e-01 3.299343e-10 0.000000e+00 -2.074594e-10 
1.404490e-01 3.233992e-10 0.000000e+00 -2.067119e-10 
1.404555e-01 3.168482e-10 0.000000e+00 -2.059025e-10 
1.404620e-01 3.102842e-10 0.000000e+00 -2.050308e-10 
1.404683e-01 3.037100e-10 0.000000e+00 -2.040964e-10 
1.404744e-01 2.971285e-10 0.000000e+00 -2.030989e-10 
1.404804e-01 2.905426e-10 0.000000e+00 -2.020381e-10 
1.404863e-01 2.839553e-10 0.000000e+00 -2.009138e-10 
1.404921e-01 2.773694e-10 0.000000e+00 -1.997259e-10 
1.404977e-01 2.707882e-10 0.000000e+00 -1.984741e-10 
1.405031e-01 2.642145e-10 0.000000e+00 -1.971584e-10 
1.405084e-01 2.576514e-10 0.000000e+00 -1.957790e-10 
1.405136e-01 2.511021e-10 0.000000e+00 -1.943358e-10 
1.405186e-01 2.445696e-10 0.000000e+00 -1.928290e-10 
1.405234e-01 2.380570e-10 0.000000e+00 -1.912588e-10 
1.405281e-01 2.315674e-10 0.000000e+00 -1.896255e-10 
1.405327e-01 2.251040e-10 0.000000e+00 -1.879295e-10 
1.405371e-01 2.186698e-10 0.000000e+00 -1.861711e-10 
1.405413e-01 2.122680e-10 0.000000e+00 -1.843508e-10 
1.405453e-01 2.059018e-10 0.000000e+00 -1.824692e-10 
1.405492e-01 1.995742e-10 0.000000e+00 -1.805269e-10 
1.405530e-01 1.932884e-10 0.000000e+00 -1.785246e-10 
1.405566e-01 1.870475e-10 0.000000e+00 -1.764630e-10 
1.405600e-01 1.808545e-10 0.000000e+00 -1.743431e-10 
1.405632e-01 1.747125e-10 0.000000e+00 -1.721656e-10 
1.405663e-01 1.686246e-10 0.000000e+00 -1.699317e-10 
1.405692e-01 1.625937e-10 0.000000e+00 -1.676422e-10 
1.405719e-01 1.566229e-10 0.000000e+00 -1.652984e-10 
1.405744e-01 1.507152e-10 0.000000e+00 -1.629014e-10 
1.405768e-01 1.448733e-10 0.000000e+00 -1.604526e-10 
1.405790e-01 1.391003e-10 0.000000e+00 -1.579532e-10 
1.405810e-01 1.333989e-10 0.000000e+00 -1.554046e-10 
1.405828e-01 1.277719e-10 0.000000e+00 -1.528084e-10 
1.405844e-01 1.222221e-10 0.000000e+00 -1.501660e-10 
1.405859e-01 1.167521e-10 0.000000e+00 -1.474791e-10 
1.405871e-01 1.113646e-10 0.000000e+00 -1.447494e-10 
1.405882e-01 1.060620e-10 0.000000e+00 -1.419786e-10 
1.405891e-01 1.008469e-10 0.000000e+00 -1.391684e-10 
1.405898e-01 9.572179e-11 0.000000e+00 -1.363209e-10 
1.405903e-01 9.068889e-11 0.000000e+00 -1.334379e-10 
1.405906e-01 8.575051e-11 0.000000e+00 -1.305213e-10 
1.405907e-01 8.090883e-11 0.000000e+00 -1.275733e-10 
1.405906e-01 7.616597e-11 0.000000e+00 -1.245960e-10 
1.405903e-01 7.152394e-11 0.000000e+00 -1.215914e-10 
1.405898e-01 6.698466e-11 0.000000e+00 -1.185618e-10 
1.405891e-01 6.254998e-11 0.000000e+00 -1.155095e-10 
1.405882e-01 5.822163e-11 0.000000e+00 -1.124368e-10 
1.405870e-01 5.400125e-11 0.000000e+00 -1.093459e-10 
1.405857e-01 4.989039e-11 0.000000e+00 -1.062393e-10 
1.405841e-01 4.589048e-11 0.000000e+00 -1.031194e-10 
1.405824e-01 4.200285e-11 0.000000e+00 -9.998872e-11 
1.405804e-01 3.822871e-11 0.000000e+00 -9.684964e-11 
1.405782e-01 3.456917e-11 0.000000e+00 -9.370471e-11 
1.405758e-01 3.102523e-11 0.000000e+00 -9.055648e-11 
1.405732e-01 2.759777e-11 0.000000e+00 -8.740752e-11 
1.405703e-01 2.428755e-11 0.000000e+00 -8.426040e-11 
1.405672e-01 2.109521e-11 0.000000e+00 -8.111772e-11 
1.405639e-01 1.802128e-11 0.000000e+00 -7.798209e-11 
1.405604e-01 1.506614e-11 0.000000e+00 -7.485612e-11 
1.405566e-01 1.223009e-11 0.000000e+00 -7.174244e-11 
1.405526e-01 9.513272e-12 0.000000e+00 -6.864366e-11 
1.405484e-01 6.915716e-12 0.000000e+00 -6.556241e-11 
1.405439e-01 4.437324e-12 0.000000e+00 -6.250128e-11 
1.405392e-01 2.077873e-12 0.000000e+00 -5.946288e-11 
1.405343e-01 -1.629855e-13 0.000000e+00 -5.644979e-11 
1.405291e-01 -2.285727e-12 0.000000e+00 -5.346458e-11 
1.405236e-01 -4.290954e-12 0.000000e+00 -5.050977e-11 
1.405180e-01 -6.179393e-12 0.000000e+00 -4.758788e-11 
1.405121e-01 -7.951896e-12 0.000000e+00 -4.470140e-11 
1.405059e-01 -9.609440e-12 0.000000e+00 -4.185277e-11 
1.404995e-01 -1.115312e-11 0.000000e+00 -3.904438e-11 
1.404928e-01 -1.258417e-11 0.000000e+00 -3.627861e-11 
1.404859e-01 -1.390392e-11 0.000000e+00 -3.355777e-11 
1.404787e-01 -1.511384e-11 0.000000e+00 -3.088412e-11 
1.404713e-01 -1.621551e-11 0.000000e+00 -2.825986e-11 
1.404636e-01 -1.721061e-11 0.000000e+00 -2.568715e-11 
1.404557e-01 -1.810096e-11 0.000000e+00 -2.316806e-11 
1.404475e-01 -1.888848e-11 0.000000e+00 -2.070462e-11 
1.404390e-01 -1.957518e-11 0.000000e+00 -1.829878e-11 
1.404303e-01 -2.016321e-11 0.000000e+00 -1.595240e-11 
1.404213e-01 -2.065479e-11 0.000000e+00 -1.366728e-11 
1.404120e-01 -2.105225e-11 0.000000e+00 -1.144514e-11 
1.404025e-01 -2.135802e-11 0.000000e+00 -9.287610e-12 
1.403927e-01 -2.157462e-11 0.000000e+00 -7.196235e-12 
1.403826e-01 -2.170466e-11 0.000000e+00 -5.172467e-12 
1.403722e-01 -2.175082e-11 0.000000e+00 -3.217669e-12 
1.403616e-01 -2.171587e-11 0.000000e+00 -1.333107e-12 
1.403507e-01 -2.160266e-11 0.000000e+00 4.800528e-13 
1.403395e-01 -2.141411e-11 0.000000e+00 2.220743e-12 
1.403280e-01 -2.115319e-11 0.000000e+00 3.887998e-12 
1.403162e-01 -2.082296e-11 0.000000e+00 5.480961e-12 
1.403042e-01 -2.042650e-11 0.000000e+00 6.998877e-12 
1.402918e-01 -1.996698e-11 0.000000e+00 8.441103e-12 
1.402792e-01 -1.944759e-11 0.000000e+00 9.807106e-12 
1.402663e-01 -1.887156e-11 0.000000e+00 1.109646e-11 
1.402530e-01 -1.824219e-11 0.000000e+00 1.230886e-11 
1.402395e-01 -1.756277e-11 0.000000e+00 1.344411e-11 
1.402257e-01 -1.683663e-11 0.000000e+00 1.450211e-11 
1.402116e-01 -1.606712e-11 0.000000e+00 1.548292e-11 
1.401972e-01 -1.525762e-11 0.000000e+00 1.638666e-11 
1.401825e-01 -1.441149e-11 0.000000e+00 1.721361e-11 
1.401675e-01 -1.353210e-11 0.000000e+00 1.796413e-11 
1.401521e-01 -1.262283e-11 0.000000e+00 1.863872e-11 
1.401365e-01 -1.168704e-11 0.000000e+00 1.923799e-11 
1.401206e-01 -1.072809e-11 0.000000e+00 1.976265e-11 
1.401043e-01 -9.749286e-12 0.000000e+00 2.021353e-11 
1.400877e-01 -8.753943e-12 0.000000e+00 2.059156e-11 
1.400708e-01 -7.745327e-12 0.000000e+00 2.089781e-11 
1.400536e-01 -6.726670e-12 0.000000e+00 2.113341e-11 
1.400361e-01 -5.701162e-12 0.000000e+00 2.129964e-11 
1.400183e-01 -4.671942e-12 0.000000e+00 2.139786e-11 
1.400001e-01 -3.642097e-12 0.000000e+00 2.142953e-11 
1.399816e-01 -2.614654e-12 0.000000e+00 2.139622e-11 
1.399628e-01 -1.592576e-12 0.000000e+00 2.129959e-11 
1.399437e-01 -5.787572e-13 0.000000e+00 2.114138e-11 
1.399242e-01 4.239842e-13 0.000000e+00 2.092343e-11 
1.399044e-01 1.412908e-12 0.000000e+00 2.064768e-11 
1.398843e-01 2.385359e-12 0.000000e+00 2.031612e-11 
1.398638e-01 3.338768e-12 0.000000e+00 1.993085e-11 
1.398430e-01 4.270661e-12 0.000000e+00 1.949403e-11 
1.398218e-01 5.178659e-12 0.000000e+00 1.900787e-11 
1.398003e-01 6.060485e-12 0.000000e+00 1.847469e-11 
1.397785e-01 6.913965e-12 0.000000e+00 1.789683e-11 
1.397563e-01 7.737033e-12 0.000000e+00 1.727671e-11 
1.397338e-01 8.527736e-12 0.000000e+00 1.661680e-11 
1.397109e-01 9.284232e-12 0.000000e+00 1.591960e-11 
1.396877e-01 1.000480e-11 0.000000e+00 1.518768e-11 
1.396642e-01 1.068783e-11 0.000000e+00 1.442361e-11 
1.396402e-01 1.133185e-11 0.000000e+00 1.363004e-11 
1.396159e-01 1.193549e-11 0.000000e+00 1.280959e-11 
1.395913e-01 1.249752e-11 0.000000e+00 1.196496e-11 
1.395663e-01 1.301684e-11 0.000000e+00 1.109881e-11 
1.395410e-01 1.349247e-11 0.000000e+00 1.021385e-11 
1.395153e-01 1.392357e-11 0.000000e+00 9.312783e-12 
1.394892e-01 1.430940e-11 0.000000e+00 8.398304e-12 
1.394627e-01 1.464939e-11 0.000000e+00 7.473107e-12 
1.394359e-01 1.494308e-11 0.000000e+00 6.539876e-12 
1.394087e-01 1.519014e-11 0.000000e+00 5.601275e-12 
1.393812e-01 1.539037e-11 0.000000e+00 4.659947e-12 
1.393533e-01 1.554371e-11 0.000000e+00 3.718505e-12 
1.393250e-01 1.565021e-11 0.000000e+00 2.779529e-12 
1.392963e-01 1.571006e-11 0.000000e+00 1.845561e-12 
1.392672e-01 1.572356e-11 0.000000e+00 9.190967e-13 
1.392378e-01 1.569116e-11 0.000000e+00 2.583999e-15 
1.392080e-01 1.561341e-11 0.000000e+00 -9.015841e-13 
1.391778e-01 1.549098e-11 0.000000e+00 -1.791074e-12 
1.391472e-01 1.532466e-11 0.000000e+00 -2.663616e-12 
1.391162e-01 1.511535e-11 0.000000e+00 -3.517010e-12 
1.390848e-01 1.486407e-11 0.000000e+00 -4.349128e-12 
1.390531e-01 1.457192e-11 0.000000e+00 -5.157921e-12 
1.390209e-01 1.424013e-11 0.000000e+00 -5.941422e-12 
1.389884e-01 1.387001e-11 0.000000e+00 -6.697748e-12 
1.389555e-01 1.346299e-11 0.000000e+00 -7.425107e-12 
1.389221e-01 1.302055e-11 0.000000e+00 -8.121801e-12 
1.388884e-01 1.254428e-11 0.000000e+00 -8.786226e-12 
1.388543e-01 1.203587e-11 0.000000e+00 -9.416882e-12 
1.388197e-01 1.149703e-11 0.000000e+00 -1.001237e-11 
1.387848e-01 1.092960e-11 0.000000e+00 -1.057139e-11 
1.387494e-01 1.033544e-11 0.000000e+00 -1.109276e-11 
1.387137e-01 9.716502e-12 0.000000e+00 -1.157540e-11 
1.386775e-01 9.074771e-12 0.000000e+00 -1.201834e-11 
1.386409e-01 8.412290e-12 0.000000e+00 -1.242075e-11 
1.386039e-01 7.731143e-12 0.000000e+00 -1.278187e-11 
1.385665e-01 7.033452e-12 0.000000e+00 -1.310108e-11 
1.385287e-01 6.321368e-12 0.000000e+00 -1.337790e-11 
1.384904e-01 5.597069e-12 0.000000e+00 -1.361191e-11 
1.384518e-01 4.862751e-12 0.000000e+00 -1.380287e-11 
1.384127e-01 4.120625e-12 0.000000e+00 -1.395061e-11 
1.383732e-01 3.372907e-12 0.000000e+00 -1.405511e-11 
1.383332e-01 2.621816e-12 0.000000e+00 -1.411643e-11 
1.382928e-01 1.869563e-12 0.000000e+00 -1.413479e-11 
1.382520e-01 1.118353e-12 0.000000e+00 -1.411049e-11 
1.382108e-01 3.703688e-13 0.000000e+00 -1.404396e-11 
1.381691e-01 -3.722256e-13 0.000000e+00 -1.393574e-11 
1.381270e-01 -1.107296e-12 0.000000e+00 -1.378647e-11 
1.380845e-01 -1.832743e-12 0.000000e+00 -1.359690e-11 
1.380415e-01 -2.546506e-12 0.000000e+00 -1.336789e-11 
1.379981e-01 -3.246570e-12 0.000000e+00 -1.310041e-11 
1.379543e-01 -3.930970e-12 0.000000e+00 -1.279550e-11 
1.379100e-01 -4.597798e-12 0.000000e+00 -1.245432e-11 
1.378652e-01 -5.245204e-12 0.000000e+00 -1.207812e-11 
1.378200e-01 -5.871407e-12 0.000000e+00 -1.166823e-11 
1.377744e-01 -6.474694e-12 0.000000e+00 -1.122607e-11 
1.377283e-01 -7.053426e-12 0.000000e+00 -1.075313e-11 
1.376817e-01 -7.606044e-12 0.000000e+00 -1.025099e-11 
1.376347e-01 -8.131071e-12 0.000000e+00 -9.721282e-12 
1.375873e-01 -8.627117e-12 0.000000e+00 -9.165729e-12 
1.375393e-01 -9.092882e-12 0.000000e+00 -8.586097e-12 
1.374910e-01 -9.527159e-12 0.000000e+00 -7.984214e-12 
1.374421e-01 -9.928836e-12 0.000000e+00 -7.361957e-12 
1.373928e-01 -1.029690e-11 0.000000e+00 -6.721253e-12 
1.373431e-01 -1.063044e-11 0.000000e+00 -6.064066e-12 
1.372928e-01 -1.092866e-11 0.000000e+00 -5.392396e-12 
1.372421e-01 -1.119084e-11 0.000000e+00 -4.708272e-12 
1.371909e-01 -1.141639e-11 0.000000e+00 -4.013747e-12 
1.371393e-01 -1.160483e-11 0.000000e+00 -3.310893e-12 
1.370872e-01 -1.175577e-11 0.000000e+00 -2.601791e-12 
1.370346e-01 -1.186896e-11 0.000000e+00 -1.888534e-12 
1.369815e-01 -1.194422e-11 0.000000e+00 -1.173210e-12 
1.369280e-01 -1.198152e-11 0.000000e+00 -4.579058e-13 
1.368739e-01 -1.198091e-11 0.000000e+00 2.553038e-13 
1.368194e-01 -1.194256e-11 0.000000e+00 9.643602e-13 
1.367644e-01 -1.186675e-11 0.000000e+00 1.667227e-12 
1.367090e-01 -1.175388e-11 0.000000e+00 2.361895e-12 
1.366530e-01 -1.160442e-11 0.000000e+00 3.046387e-12 
1.365965e-01 -1.141898e-11 0.000000e+00 3.718767e-12 
1.365396e-01 -1.119825e-11 0.000000e+00 4.377140e-12 
1.364821e-01 -1.094303e-11 0.000000e+00 5.019660e-12 
1.364242e-01 -1.065422e-11 0.000000e+00 5.644535e-12 
1.363658e-01 -1.033280e-11 0.000000e+00 6.250032e-12 
1.363068e-01 -9.979843e-12 0.000000e+00 6.834480e-12 
1.362474e-01 -9.596527e-12 0.000000e+00 7.396277e-12 
1.361875e-01 -9.184097e-12 0.000000e+00 7.933890e-12 
1.361271e-01 -8.743883e-12 0.000000e+00 8.445865e-12 
1.360661e-01 -8.277291e-12 0.000000e+00 8.930825e-12 
1.360047e-01 -7.785799e-12 0.000000e+00 9.387479e-12 
1.359427e-01 -7.270950e-12 0.000000e+00 9.814619e-12 
1.358803e-01 -6.734353e-12 0.000000e+00 1.021113e-11 
1.358173e-01 -6.177671e-12 0.000000e+00 1.057599e-11 
1.357538e-01 -5.602623e-12 0.000000e+00 1.090826e-11 
1.356898e-01 -5.010973e-12 0.000000e+00 1.120712e-11 
1.356253e-01 -4.404530e-12 0.000000e+00 1.147184e-11 
1.355602e-01 -3.785136e-12 0.000000e+00 1.170178e-11 
1.354947e-01 -3.154669e-12 0.000000e+00 1.189642e-11 
1.354286e-01 -2.515031e-12 0.000000e+00 1.205532e-11 
1.353620e-01 -1.868143e-12 0.000000e+00 1.217818e-11 
1.352949e-01 -1.215944e-12 0.000000e+00 1.226478e-11 
1.352272e-01 -5.603805e-13 0.000000e+00 1.231501e-11 
1.351591e-01 9.659842e-14 0.000000e+00 1.232886e-11 
1.350904e-01 7.530443e-13 0.000000e+00 1.230644e-11 
1.350211e-01 1.407017e-12 0.000000e+00 1.224796e-11 
1.349513e-01 2.056590e-12 0.000000e+00 1.215372e-11 
1.348810e-01 2.699855e-12 0.000000e+00 1.202415e-11 
1.348102e-01 3.334929e-12 0.000000e+00 1.185974e-11 
1.347388e-01 3.959958e-12 0.000000e+00 1.166113e-11 
1.346669e-01 4.573125e-12 0.000000e+00 1.142901e-11 
1.345944e-01 5.172651e-12 0.000000e+00 1.116420e-11 
1.345214e-01 5.756804e-12 0.000000e+00 1.086759e-11 
1.344479e-01 6.323902e-12 0.000000e+00 1.054017e-11 
1.343738e-01 6.872319e-12 0.000000e+00 1.018301e-11 
1.342991e-01 7.400486e-12 0.000000e+00 9.797283e-12 
1.342239e-01 7.906901e-12 0.000000e+00 9.384210e-12 
1.341482e-01 8.390130e-12 0.000000e+00 8.945109e-12 
1.340719e-01 8.848811e-12 0.000000e+00 8.481364e-12 
1.339950e-01 9.281657e-12 0.000000e+00 7.994428e-12 
1.339176e-01 9.687462e-12 0.000000e+00 7.485816e-12 
1.338396e-01 1.006510e-11 0.000000e+00 6.957102e-12 
1.337611e-01 1.041355e-11 0.000000e+00 6.409914e-12 
1.336820e-01 1.073184e-11 0.000000e+00 5.845929e-12 
1.336024e-01 1.101913e-11 0.000000e+00 5.266868e-12 
1.335221e-01 1.127465e-11 0.000000e+00 4.674492e-12 
1.334414e-01 1.149774e-11 0.000000e+00 4.070595e-12 
1.333600e-01 1.168782e-11 0.000000e+00 3.457001e-12 
1.332781e-01 1.184443e-11 0.000000e+00 2.835555e-12 
1.331956e-01 1.196720e-11 0.000000e+00 2.208121e-12 
1.331125e-01 1.205586e-11 0.000000e+00 1.576576e-12 
1.330289e-01 1.211023e-11 0.000000e+00 9.428030e-13 
1.329447e-01 1.213027e-11 0.000000e+00 3.086871e-13 
1.328599e-01 1.211599e-11 0.000000e+00 -3.238909e-13 
1.327745e-01 1.206754e-11 0.000000e+00 -9.530597e-13 
1.326886e-01 1.198515e-11 0.000000e+00 -1.576963e-12 
1.326020e-01 1.186917e-11 0.000000e+00 -2.193764e-12 
1.325149e-01 1.172002e-11 0.000000e+00 -2.801652e-12 
1.324272e-01 1.153825e-11 0.000000e+00 -3.398848e-12 
1.323389e-01 1.132448e-11 0.000000e+00 -3.983606e-12 
1.322500e-01 1.107943e-11 0.000000e+00 -4.554224e-12 
1.321606e-01 1.080392e-11 0.000000e+00 -5.109044e-12 
1.320705e-01 1.049884e-11 0.000000e+00 -5.646457e-12 
1.319798e-01 1.016519e-11 0.000000e+00 -6.164912e-12 
1.318886e-01 9.804027e-12 0.000000e+00 -6.662915e-12 
1.317967e-01 9.416502e-12 0.000000e+00 -7.139036e-12 
1.317043e-01 9.003837e-12 0.000000e+00 -7.591913e-12 
1.316112e-01 8.567329e-12 0.000000e+00 -8.020254e-12 
1.315176e-01 8.108338e-12 0.000000e+00 -8.422844e-12 
1.314233e-01 7.628291e-12 0.000000e+00 -8.798545e-12 
1.313285e-01 7.128673e-12 0.000000e+00 -9.146300e-12 
1.312330e-01 6.611023e-12 0.000000e+00 -9.465136e-12 
1.311370e-01 6.076932e-12 0.000000e+00 -9.754169e-12 
1.310403e-01 5.528034e-12 0.000000e+00 -1.001260e-11 
1.309430e-01 4.966005e-12 0.000000e+00 -1.023973e-11 
1.308451e-01 4.392555e-12 0.000000e+00 -1.043494e-11 
1.307466e-01 3.809427e-12 0.000000e+00 -1.059772e-11 
1.306474e-01 3.218385e-12 0.000000e+00 -1.072765e-11 
1.305477e-01 2.621217e-12 0.000000e+00 -1.082440e-11 
1.304473e-01 2.019723e-12 0.000000e+00 -1.088774e-11 
1.303463e-01 1.415712e-12 0.000000e+00 -1.091756e-11 
1.302447e-01 8.109989e-13 0.000000e+00 -1.091382e-11 
1.301425e-01 2.073959e-13 0.000000e+00 -1.087658e-11 
1.300396e-01 -3.932914e-13 0.000000e+00 -1.080602e-11 
1.299362e-01 -9.892694e-13 0.000000e+00 -1.070241e-11 
1.298320e-01 -1.578762e-12 0.000000e+00 -1.056609e-11 
1.297273e-01 -2.160014e-12 0.000000e+00 -1.039753e-11 
1.296219e-01 -2.731300e-12 0.000000e+00 -1.019727e-11 
1.295159e-01 -3.290926e-12 0.000000e+00 -9.965954e-12 
1.294093e-01 -3.837235e-12 0.000000e+00 -9.704312e-12 
1.293020e-01 -4.368612e-12 0.000000e+00 -9.413159e-12 
1.291941e-01 -4.883491e-12 0.000000e+00 -9.093395e-12 
1.290856e-01 -5.380354e-12 0.000000e+00 -8.746003e-12 
1.289764e-01 -5.857741e-12 0.000000e+00 -8.372045e-12 
1.288665e-01 -6.314251e-12 0.000000e+00 -7.972657e-12 
1.287561e-01 -6.748547e-12 0.000000e+00 -7.549048e-12 
1.286449e-01 -7.159359e-12 0.000000e+00 -7.102494e-12 
1.285332e-01 -7.545489e-12 0.000000e+00 -6.634338e-12 
1.284208e-01 -7.905812e-12 0.000000e+00 -6.145980e-12 
1.283077e-01 -8.239281e-12 0.000000e+00 -5.638879e-12 
1.281940e-01 -8.544931e-12 0.000000e+00 -5.114544e-12 
1.280796e-01 -8.821878e-12 0.000000e+00 -4.574532e-12 
1.279646e-01 -9.069325e-12 0.000000e+00 -4.020443e-12 
1.278489e-01 -9.286561e-12 0.000000e+00 -3.453915e-12 
1.277326e-01 -9.472966e-12 0.000000e+00 -2.876619e-12 
1.276156e-01 -9.628010e-12 0.000000e+00 -2.290253e-12 
1.274980e-01 -9.751256e-12 0.000000e+00 -1.696539e-12 
1.273797e-01 -9.842361e-12 0.000000e+00 -1.097218e-12 
1.272607e-01 -9.901075e-12 0.000000e+00 -4.940444e-13 
1.271410e-01 -9.927244e-12 0.000000e+00 1.112215e-13 
1.270207e-01 -9.920808e-12 0.000000e+00 7.168151e-13 
1.268998e-01 -9.881803e-12 0.000000e+00 1.320974e-12 
1.267781e-01 -9.810359e-12 0.000000e+00 1.921943e-12 
1.266558e-01 -9.706700e-12 0.000000e+00 2.517981e-12 
1.265329e-01 -9.571144e-12 0.000000e+00 3.107361e-12 
1.264092e-01 -9.404102e-12 0.000000e+00 3.688382e-12 
1.262849e-01 -9.206072e-12 0.000000e+00 4.259367e-12 
1.261599e-01 -8.977645e-12 0.000000e+00 4.818673e-12 
1.260342e-01 -8.719497e-12 0.000000e+00 5.364692e-12 
1.259079e-01 -8.432389e-12 0.000000e+00 5.895859e-12 
1.257808e-01 -8.117167e-12 0.000000e+00 6.410653e-12 
1.256531e-01 -7.774754e-12 0.000000e+00 6.907604e-12 
1.255247e-01 -7.406150e-12 0.000000e+00 7.385294e-12 
1.253956e-01 -7.012433e-12 0.000000e+00 7.842367e-12 
1.252659e-01 -6.594746e-12 0.000000e+00 8.277523e-12 
1.251354e-01 -6.154305e-12 0.000000e+00 8.689532e-12 
1.250042e-01 -5.692385e-12 0.000000e+00 9.077230e-12 
1.248724e-01 -5.210324e-12 0.000000e+00 9.439526e-12 
1.247399e-01 -4.709513e-12 0.000000e+00 9.775404e-12 
1.246067e-01 -4.191397e-12 0.000000e+00 1.008392e-11 
1.244728e-01 -3.657468e-12 0.000000e+00 1.036423e-11 
1.243381e-01 -3.109260e-12 0.000000e+00 1.061554e-11 
1.242028e-01 -2.548346e-12 0.000000e+00 1.083716e-11 
1.240668e-01 -1.976334e-12 0.000000e+00 1.102849e-11 
1.239301e-01 -1.394858e-12 0.000000e+00 1.118901e-11 
1.237927e-01 -8.055792e-13 0.000000e+00 1.131829e-11 
1.236546e-01 -2.101782e-13 0.000000e+00 1.141599e-11 
1.235158e-01 3.896506e-13 0.000000e+00 1.148186e-11 
1.233763e-01 9.922026e-13 0.000000e+00 1.151574e-11 
1.232360e-01 1.595768e-12 0.000000e+00 1.151756e-11 
1.230951e-01 2.198638e-12 0.000000e+00 1.148735e-11 
1.229535e-01 2.799107e-12 0.000000e+00 1.142523e-11 
1.228111e-01 3.395481e-12 0.000000e+00 1.133140e-11 
1.226680e-01 3.986079e-12 0.000000e+00 1.120616e-11 
1.225243e-01 4.569239e-12 0.000000e+00 1.104988e-11 
1.223798e-01 5.143325e-12 0.000000e+00 1.086305e-11 
1.222346e-01 5.706727e-12 0.000000e+00 1.064622e-11 
1.220886e-01 6.257871e-12 0.000000e+00 1.040003e-11 
1.219420e-01 6.795217e-12 0.000000e+00 1.012521e-11 
1.217946e-01 7.317270e-12 0.000000e+00 9.822554e-12 
1.216465e-01 7.822579e-12 0.000000e+00 9.492946e-12 
1.214977e-01 8.309743e-12 0.000000e+00 9.137340e-12 
1.213481e-01 8.777414e-12 0.000000e+00 8.756763e-12 
1.211979e-01 9.224305e-12 0.000000e+00 8.352310e-12 
1.210469e-01 9.649185e-12 0.000000e+00 7.925141e-12 
1.208952e-01 1.005089e-11 0.000000e+00 7.476478e-12 
1.207427e-01 1.042832e-11 0.000000e+00 7.007602e-12 
1.205895e-01 1.078046e-11 0.000000e+00 6.519846e-12 
1.204356e-01 1.110634e-11 0.000000e+00 6.014598e-12 
1.202809e-01 1.140509e-11 0.000000e+00 5.493287e-12 
1.201256e-01 1.167590e-11 0.000000e+00 4.957390e-12 
1.199694e-01 1.191807e-11 0.000000e+00 4.408418e-12 
1.198126e-01 1.213094e-11 0.000000e+00 3.847919e-12 
1.196550e-01 1.231396e-11 0.000000e+00 3.277467e-12 
1.194966e-01 1.246666e-11 0.000000e+00 2.698664e-12 
1.193375e-01 1.258865e-11 0.000000e+00 2.113132e-12 
1.191777e-01 1.267964e-11 0.000000e+00 1.522507e-12 
1.190171e-01 1.273940e-11 0.000000e+00 9.284380e-13 
1.188558e-01 1.276782e-11 0.000000e+00 3.325797e-13 
1.186937e-01 1.276486e-11 0.000000e+00 -2.634106e-13 
1.185309e-01 1.273056e-11 0.000000e+00 -8.578788e-13 
1.183674e-01 1.266506e-11 0.000000e+00 -1.449178e-12 
1.182030e-01 1.256860e-11 0.000000e+00 -2.035672e-12 
1.180380e-01 1.244146e-11 0.000000e+00 -2.615742e-12 
1.178722e-01 1.228405e-11 0.000000e+00 -3.187790e-12 
1.177056e-01 1.209684e-11 0.000000e+00 -3.750242e-12 
1.175382e-01 1.188040e-11 0.000000e+00 -4.301554e-12 
1.173701e-01 1.163535e-11 0.000000e+00 -4.840217e-12 
1.172013e-01 1.136241e-11 0.000000e+00 -5.364756e-12 
1.170317e-01 1.106237e-11 0.000000e+00 -5.873742e-12 
1.168613e-01 1.073610e-11 0.000000e+00 -6.365787e-12 
1.166902e-01 1.038452e-11 0.000000e+00 -6.839556e-12 
1.165183e-01 1.000865e-11 0.000000e+00 -7.293763e-12 
1.163456e-01 9.609543e-12 0.000000e+00 -7.727181e-12 
1.161722e-01 9.188332e-12 0.000000e+00 -8.138640e-12 
1.159980e-01 8.746203e-12 0.000000e+00 -8.527034e-12 
1.158230e-01 8.284397e-12 0.000000e+00 -8.891320e-12 
1.156473e-01 7.804206e-12 0.000000e+00 -9.230525e-12 
1.154707e-01 7.306972e-12 0.000000e+00 -9.543744e-12 
1.152935e-01 6.794079e-12 0.000000e+00 -9.830146e-12 
1.151154e-01 6.266950e-12 0.000000e+00 -1.008897e-11 
1.149366e-01 5.727046e-12 0.000000e+00 -1.031955e-11 
1.147570e-01 5.175859e-12 0.000000e+00 -1.052126e-11 
1.145766e-01 4.614908e-12 0.000000e+00 -1.069359e-11 
1.143954e-01 4.045737e-12 0.000000e+00 -1.083610e-11 
1.142135e-01 3.469906e-12 0.000000e+00 -1.094842e-11 
1.140307e-01 2.888995e-12 0.000000e+00 -1.103027e-11 
1.138472e-01 2.304589e-12 0.000000e+00 -1.108145e-11 
1.136629e-01 1.718282e-12 0.000000e+00 -1.110186e-11 
1.134778e-01 1.131671e-12 0.000000e+00 -1.109146e-11 
1.132920e-01 5.463481e-13 0.000000e+00 -1.105030e-11 
1.131053e-01 -3.610063e-14 0.000000e+00 -1.097852e-11 
1.129179e-01 -6.140998e-13 0.000000e+00 -1.087632e-11 
1.127296e-01 -1.186089e-12 0.000000e+00 -1.074402e-11 
1.125406e-01 -1.750529e-12 0.000000e+00 -1.058198e-11 
1.123508e-01 -2.305901e-12 0.000000e+00 -1.039065e-11 
1.121602e-01 -2.850716e-12 0.000000e+00 -1.017057e-11 
1.119688e-01 -3.383516e-12 0.000000e+00 -9.922355e-12 
1.117766e-01 -3.902877e-12 0.000000e+00 -9.646673e-12 
1.115836e-01 -4.407416e-12 0.000000e+00 -9.344279e-12 
1.113898e-01 -4.895790e-12 0.000000e+00 -9.015995e-12 
1.111952e-01 -5.366704e-12 0.000000e+00 -8.662708e-12 
1.109998e-01 -5.818911e-12 0.000000e+00 -8.285371e-12 
1.108035e-01 -6.251216e-12 0.000000e+00 -7.884996e-12 
1.106065e-01 -6.662480e-12 0.000000e+00 -7.462654e-12 
1.104087e-01 -7.051621e-12 0.000000e+00 -7.019473e-12 
1.102101e-01 -7.417621e-12 0.000000e+00 -6.556633e-12 
1.100107e-01 -7.759521e-12 0.000000e+00 -6.075360e-12 
1.098105e-01 -8.076429e-12 0.000000e+00 -5.576929e-12 
1.096094e-01 -8.367524e-12 0.000000e+00 -5.062655e-12 
1.094076e-01 -8.632049e-12 0.000000e+00 -4.533893e-12 
1.092049e-01 -8.869323e-12 0.000000e+00 -3.992030e-12 
1.090014e-01 -9.078735e-12 0.000000e+00 -3.438486e-12 
1.087971e-01 -9.259750e-12 0.000000e+00 -2.874707e-12 
1.085920e-01 -9.411907e-12 0.000000e+00 -2.302164e-12 
1.083861e-01 -9.534822e-12 0.000000e+00 -1.722343e-12 
1.081794e-01 -9.628189e-12 0.000000e+00 -1.136750e-12 
1.079718e-01 -9.691777e-12 0.000000e+00 -5.468992e-13 
1.077635e-01 -9.725435e-12 0.000000e+00 4.568724e-14 
1.075543e-01 -9.729088e-12 0.000000e+00 6.394837e-13 
1.073443e-01 -9.702741e-12 0.000000e+00 1.232966e-12 
1.071334e-01 -9.646474e-12 0.000000e+00 1.824613e-12 
1.069218e-01 -9.560447e-12 0.000000e+00 2.412914e-12 
1.067093e-01 -9.444892e-12 0.000000e+00 2.996371e-12 
1.064960e-01 -9.300121e-12 0.000000e+00 3.573501e-12 
1.062818e-01 -9.126516e-12 0.000000e+00 4.142842e-12 
1.060668e-01 -8.924534e-12 0.000000e+00 4.702955e-12 
1.058510e-01 -8.694704e-12 0.000000e+00 5.252431e-12 
1.056344e-01 -8.437624e-12 0.000000e+00 5.789888e-12 
1.054169e-01 -8.153959e-12 0.000000e+00 6.313981e-12 
1.051987e-01 -7.844441e-12 0.000000e+00 6.823403e-12 
1.049795e-01 -7.509865e-12 0.000000e+00 7.316887e-12 
1.047596e-01 -7.151089e-12 0.000000e+00 7.793210e-12 
1.045388e-01 -6.769028e-12 0.000000e+00 8.251196e-12 
1.043171e-01 -6.364654e-12 0.000000e+00 8.689720e-12 
1.040946e-01 -5.938994e-12 0.000000e+00 9.107707e-12 
1.038713e-01 -5.493124e-12 0.000000e+00 9.504139e-12 
1.036472e-01 -5.028169e-12 0.000000e+00 9.878055e-12 
1.034222e-01 -4.545297e-12 0.000000e+00 1.022855e-11 
1.031963e-01 -4.045721e-12 0.000000e+00 1.055479e-11 
1.029697e-01 -3.530689e-12 0.000000e+00 1.085599e-11 
1.027421e-01 -3.001484e-12 0.000000e+00 1.113145e-11 
1.025137e-01 -2.459424e-12 0.000000e+00 1.138051e-11 
1.022845e-01 -1.905851e-12 0.000000e+00 1.160260e-11 
1.020545e-01 -1.342134e-12 0.000000e+00 1.179722e-11 
1.018235e-01 -7.696628e-13 0.000000e+00 1.196392e-11 
1.015918e-01 -1.898433e-13 0.000000e+00 1.210233e-11 
1.013591e-01 3.959038e-13 0.000000e+00 1.221216e-11 
1.011257e-01 9.861478e-13 0.000000e+00 1.229319e-11 
1.008913e-01 1.579452e-12 0.000000e+00 1.234526e-11 
1.006562e-01 2.174375e-12 0.000000e+00 1.236829e-11 
1.004201e-01 2.769480e-12 0.000000e+00 1.236228e-11 
1.001832e-01 3.363330e-12 0.000000e+00 1.232728e-11 
9.994548e-02 3.954499e-12 0.000000e+00 1.226344e-11 
9.970687e-02 4.541572e-12 0.000000e+00 1.217095e-11 
9.946740e-02 5.123148e-12 0.000000e+00 1.205010e-11 
9.922707e-02 5.697844e-12 0.000000e+00 1.190122e-11 
9.898588e-02 6.264300e-12 0.000000e+00 1.172473e-11 
9.874383e-02 6.821181e-12 0.000000e+00 1.152110e-11 
9.850091e-02 7.367178e-12 0.000000e+00 1.129088e-11 
9.825713e-02 7.901016e-12 0.000000e+00 1.103466e-11 
9.801248e-02 8.421452e-12 0.000000e+00 1.075311e-11 
9.776696e-02 8.927281e-12 0.000000e+00 1.044696e-11 
9.752058e-02 9.417338e-12 0.000000e+00 1.011699e-11 
9.727333e-02 9.890500e-12 0.000000e+00 9.764035e-12 
9.702521e-02 1.034569e-11 0.000000e+00 9.388979e-12 
9.677622e-02 1.078187e-11 0.000000e+00 8.992763e-12 
9.652635e-02 1.119808e-11 0.000000e+00 8.576374e-12 
9.627561e-02 1.159337e-11 0.000000e+00 8.140842e-12 
9.602400e-02 1.196687e-11 0.000000e+00 7.687239e-12 
9.577152e-02 1.231776e-11 0.000000e+00 7.216679e-12 
9.551815e-02 1.264529e-11 0.000000e+00 6.730309e-12 
9.526392e-02 1.294874e-11 0.000000e+00 6.229311e-12 
9.500880e-02 1.322748e-11 0.000000e+00 5.714897e-12 
9.475280e-02 1.348093e-11 0.000000e+00 5.188305e-12 
9.449593e-02 1.370855e-11 0.000000e+00 4.650800e-12 
9.423817e-02 1.390991e-11 0.000000e+00 4.103666e-12 
9.397953e-02 1.408461e-11 0.000000e+00 3.548203e-12 
9.372001e-02 1.423232e-11 0.000000e+00 2.985728e-12 
9.345961e-02 1.435279e-11 0.000000e+00 2.417568e-12 
9.319832e-02 1.444580e-11 0.000000e+00 1.845059e-12 
9.293615e-02 1.451125e-11 0.000000e+00 1.269540e-12 
9.267309e-02 1.454905e-11 0.000000e+00 6.923523e-13 
9.240914e-02 1.455922e-11 0.000000e+00 1.148356e-13 
9.214430e-02 1.454182e-11 0.000000e+00 -4.616755e-13 
9.187857e-02 1.449697e-11 0.000000e+00 -1.035855e-12 
9.161196e-02 1.442487e-11 0.000000e+00 -1.606387e-12 
9.134445e-02 1.432577e-11 0.000000e+00 -2.171971e-12 
9.107605e-02 1.420000e-11 0.000000e+00 -2.731323e-12 
9.080675e-02 1.404793e-11 0.000000e+00 -3.283180e-12 
9.053656e-02 1.387000e-11 0.000000e+00 -3.826302e-12 
9.026548e-02 1.366671e-11 0.000000e+00 -4.359473e-12 
8.999350e-02 1.343860e-11 0.000000e+00 -4.881509e-12 
8.972063e-02 1.318628e-11 0.000000e+00 -5.391254e-12 
8.944685e-02 1.291042e-11 0.000000e+00 -5.887587e-12 
8.917218e-02 1.261172e-11 0.000000e+00 -6.369423e-12 
8.889660e-02 1.229095e-11 0.000000e+00 -6.835715e-12 
8.862013e-02 1.194890e-11 0.000000e+00 -7.285459e-12 
8.834276e-02 1.158644e-11 0.000000e+00 -7.717690e-12 
8.806448e-02 1.120445e-11 0.000000e+00 -8.131491e-12 
8.778530e-02 1.080388e-11 0.000000e+00 -8.525988e-12 
8.750521e-02 1.038568e-11 0.000000e+00 -8.900360e-12 
8.722422e-02 9.950875e-12 0.000000e+00 -9.253831e-12 
8.694232e-02 9.500497e-12 0.000000e+00 -9.585680e-12 
8.665952e-02 9.035618e-12 0.000000e+00 -9.895236e-12 
8.637581e-02 8.557334e-12 0.000000e+00 -1.018188e-11 
8.609118e-02 8.066765e-12 0.000000e+00 -1.044506e-11 
8.580565e-02 7.565056e-12 0.000000e+00 -1.068427e-11 
8.551921e-02 7.053369e-12 0.000000e+00 -1.089905e-11 
8.523186e-02 6.532881e-12 0.000000e+00 -1.108901e-11 
8.494359e-02 6.004784e-12 0.000000e+00 -1.125383e-11 
8.465441e-02 5.470280e-12 0.000000e+00 -1.139323e-11 
8.436432e-02 4.930580e-12 0.000000e+00 -1.150698e-11 
8.407331e-02 4.386897e-12 0.000000e+00 -1.159494e-11 
8.378138e-02 3.840448e-12 0.000000e+00 -1.165699e-11 
8.348854e-02 3.292449e-12 0.000000e+00 -1.169310e-11 
8.319478e-02 2.744113e-12 0.000000e+00 -1.170329e-11 
8.290011e-02 2.196646e-12 0.000000e+00 -1.168762e-11 
8.260451e-02 1.651244e-12 0.000000e+00 -1.164623e-11 
8.230799e-02 1.109093e-12 0.000000e+00 -1.157929e-11 
8.201055e-02 5.713641e-13 0.000000e+00 -1.148706e-11 
8.171219e-02 3.921225e-14 0.000000e+00 -1.136983e-11 
8.141290e-02 -4.862276e-13 0.000000e+00 -1.122794e-11 
8.111270e-02 -1.003842e-12 0.000000e+00 -1.106180e-11 
8.081156e-02 -1.512541e-12 0.000000e+00 -1.087186e-11 
8.050950e-02 -2.011262e-12 0.000000e+00 -1.065861e-11 
8.020652e-02 -2.498970e-12 0.000000e+00 -1.042261e-11 
7.990261e-02 -2.974660e-12 0.000000e+00 -1.016445e-11 
7.959777e-02 -3.437361e-12 0.000000e+00 -9.884760e-12 
7.929200e-02 -3.886137e-12 0.000000e+00 -9.584233e-12 
7.898530e-02 -4.320085e-12 0.000000e+00 -9.263587e-12 
7.867767e-02 -4.738343e-12 0.000000e+00 -8.923582e-12 
7.836911e-02 -5.140088e-12 0.000000e+00 -8.565017e-12 
7.805962e-02 -5.524537e-12 0.000000e+00 -8.188724e-12 
7.774919e-02 -5.890952e-12 0.000000e+00 -7.795567e-12 
7.743783e-02 -6.238637e-12 0.000000e+00 -7.386443e-12 
7.712554e-02 -6.566940e-12 0.000000e+00 -6.962274e-12 
7.681231e-02 -6.875256e-12 0.000000e+00 -6.524011e-12 
7.649814e-02 -7.163029e-12 0.000000e+00 -6.072627e-12 
7.618303e-02 -7.429749e-12 0.000000e+00 -5.609115e-12 
7.586699e-02 -7.674953e-12 0.000000e+00 -5.134490e-12 
7.555001e-02 -7.898229e-12 0.000000e+00 -4.649781e-12 
7.523209e-02 -8.099215e-12 0.000000e+00 -4.156032e-12 
7.491323e-02 -8.277598e-12 0.000000e+00 -3.654297e-12 
7.459343e-02 -8.433115e-12 0.000000e+00 -3.145642e-12 
7.427268e-02 -8.565554e-12 0.000000e+00 -2.631138e-12 
7.395100e-02 -8.674752e-12 0.000000e+00 -2.111860e-12 
7.362837e-02 -8.760599e-12 0.000000e+00 -1.588887e-12 
7.330479e-02 -8.823031e-12 0.000000e+00 -1.063295e-12 
7.298027e-02 -8.862036e-12 0.000000e+00 -5.361599e-13 
7.265481e-02 -8.877652e-12 0.000000e+00 -8.550014e-15 
7.232839e-02 -8.869964e-12 0.000000e+00 5.184720e-13 
7.200103e-02 -8.839105e-12 0.000000e+00 1.043853e-12 
7.167272e-02 -8.785255e-12 0.000000e+00 1.566553e-12 
7.134346e-02 -8.708643e-12 0.000000e+00 2.085545e-12 
7.101326e-02 -8.609539e-12 0.000000e+00 2.599817e-12 
7.068210e-02 -8.488262e-12 0.000000e+00 3.108378e-12 
7.034999e-02 -8.345172e-12 0.000000e+00 3.610252e-12 
7.001692e-02 -8.180669e-12 0.000000e+00 4.104491e-12 
6.968291e-02 -7.995198e-12 0.000000e+00 4.590166e-12 
6.934794e-02 -7.789240e-12 0.000000e+00 5.066376e-12 
6.901201e-02 -7.563316e-12 0.000000e+00 5.532246e-12 
6.867514e-02 -7.317982e-12 0.000000e+00 5.986930e-12 
6.833730e-02 -7.053830e-12 0.000000e+00 6.429614e-12 
6.799851e-02 -6.771484e-12 0.000000e+00 6.859512e-12 
6.765876e-02 -6.471600e-12 0.000000e+00 7.275874e-12 
6.731805e-02 -6.154865e-12 0.000000e+00 7.677984e-12 
6.697638e-02 -5.821991e-12 0.000000e+00 8.065162e-12 
6.663376e-02 -5.473720e-12 0.000000e+00 8.436763e-12 
6.629017e-02 -5.110815e-12 0.000000e+00 8.792180e-12 
6.594562e-02 -4.734063e-12 0.000000e+00 9.130845e-12 
6.560011e-02 -4.344271e-12 0.000000e+00 9.452230e-12 
6.525363e-02 -3.942264e-12 0.000000e+00 9.755846e-12 
6.490620e-02 -3.528885e-12 0.000000e+00 1.004124e-11 
6.455779e-02 -3.104990e-12 0.000000e+00 1.030802e-11 
6.420843e-02 -2.671448e-12 0.000000e+00 1.055580e-11 
6.385809e-02 -2.229138e-12 0.000000e+00 1.078426e-11 
6.350680e-02 -1.778950e-12 0.000000e+00 1.099313e-11 
6.315453e-02 -1.321778e-12 0.000000e+00 1.118216e-11 
6.280130e-02 -8.585202e-13 0.000000e+00 1.135116e-11 
6.244709e-02 -3.900796e-13 0.000000e+00 1.149997e-11 
6.209192e-02 8.264133e-14 0.000000e+00 1.162847e-11 
6.173578e-02 5.587413e-13 0.000000e+00 1.173659e-11 
6.137867e-02 1.037322e-12 0.000000e+00 1.182431e-11 
6.102058e-02 1.517491e-12 0.000000e+00 1.189162e-11 
6.066152e-02 1.998360e-12 0.000000e+00 1.193859e-11 
6.030149e-02 2.479053e-12 0.000000e+00 1.196530e-11 
5.994049e-02 2.958703e-12 0.000000e+00 1.197188e-11 
5.957851e-02 3.436453e-12 0.000000e+00 1.195849e-11 
5.921556e-02 3.911462e-12 0.000000e+00 1.192535e-11 
5.885163e-02 4.382904e-12 0.000000e+00 1.187269e-11 
5.848673e-02 4.849970e-12 0.000000e+00 1.180079e-11 
5.812085e-02 5.311868e-12 0.000000e+00 1.170996e-11 
5.775399e-02 5.767828e-12 0.000000e+00 1.160054e-11 
5.738615e-02 6.217098e-12 0.000000e+00 1.147292e-11 
5.701733e-02 6.658953e-12 0.000000e+00 1.132749e-11 
5.664753e-02 7.092687e-12 0.000000e+00 1.116471e-11 
5.627676e-02 7.517621e-12 0.000000e+00 1.098502e-11 
5.590500e-02 7.933103e-12 0.000000e+00 1.078893e-11 
5.553226e-02 8.338505e-12 0.000000e+00 1.057696e-11 
5.515853e-02 8.733230e-12 0.000000e+00 1.034965e-11 
5.478383e-02 9.116707e-12 0.000000e+00 1.010756e-11 
5.440814e-02 9.488397e-12 0.000000e+00 9.851281e-12 
5.403146e-02 9.847789e-12 0.000000e+00 9.581423e-12 
5.365380e-02 1.019441e-11 0.000000e+00 9.298608e-12 
5.327516e-02 1.052780e-11 0.000000e+00 9.003478e-12 
5.289552e-02 1.084755e-11 0.000000e+00 8.696691e-12 
5.251490e-02 1.115328e-11 0.000000e+00 8.378917e-12 
5.213330e-02 1.144463e-11 0.000000e+00 8.050837e-12 
5.175070e-02 1.172129e-11 0.000000e+00 7.713144e-12 
5.136711e-02 1.198298e-11 0.000000e+00 7.366539e-12 
5.098254e-02 1.222943e-11 0.000000e+00 7.011729e-12 
5.059697e-02 1.246044e-11 0.000000e+00 6.649429e-12 
5.021042e-02 1.267581e-11 0.000000e+00 6.280354e-12 
4.982287e-02 1.287540e-11 0.000000e+00 5.905226e-12 
4.943433e-02 1.305908e-11 0.000000e+00 5.524764e-12 
4.904479e-02 1.322677e-11 0.000000e+00 5.139688e-12 
4.865426e-02 1.337841e-11 0.000000e+00 4.750715e-12 
4.826274e-02 1.351398e-11 0.000000e+00 4.358559e-12 
4.787022e-02 1.363348e-11 0.000000e+00 3.963929e-12 
4.747671e-02 1.373696e-11 0.000000e+00 3.567525e-12 
4.708220e-02 1.382448e-11 0.000000e+00 3.170043e-12 
4.668669e-02 1.389613e-11 0.000000e+00 2.772166e-12 
4.629019e-02 1.395206e-11 0.000000e+00 2.374570e-12 
4.589269e-02 1.399240e-11 0.000000e+00 1.977917e-12 
4.549419e-02 1.401735e-11 0.000000e+00 1.582856e-12 
4.509469e-02 1.402710e-11 0.000000e+00 1.190024e-12 
4.469419e-02 1.402190e-11 0.000000e+00 8.000394e-13 
4.429269e-02 1.400200e-11 0.000000e+00 4.135079e-13 
4.389018e-02 1.396768e-11 0.000000e+00 3.101622e-14 
4.348668e-02 1.391924e-11 0.000000e+00 -3.468667e-13 
4.308217e-02 1.385701e-11 0.000000e+00 -7.195907e-13 
4.267666e-02 1.378134e-11 0.000000e+00 -1.086626e-12 
4.227015e-02 1.369259e-11 0.000000e+00 -1.447461e-12 
4.186263e-02 1.359114e-11 0.000000e+00 -1.801609e-12 
4.145411e-02 1.347738e-11 0.000000e+00 -2.148603e-12 
4.104458e-02 1.335175e-11 0.000000e+00 -2.487997e-12 
4.063405e-02 1.321465e-11 0.000000e+00 -2.819370e-12 
4.022251e-02 1.306654e-11 0.000000e+00 -3.142324e-12 
3.980996e-02 1.290787e-11 0.000000e+00 -3.456483e-12 
3.939641e-02 1.273910e-11 0.000000e+00 -3.761498e-12 
3.898184e-02 1.256072e-11 0.000000e+00 -4.057041e-12 
3.856627e-02 1.237319e-11 0.000000e+00 -4.342810e-12 
3.814969e-02 1.217702e-11 0.000000e+00 -4.618527e-12 
3.773210e-02 1.197270e-11 0.000000e+00 -4.883940e-12 
3.731349e-02 1.176073e-11 0.000000e+00 -5.138819e-12 
3.689388e-02 1.154162e-11 0.000000e+00 -5.382961e-12 
3.647325e-02 1.131587e-11 0.000000e+00 -5.616185e-12 
3.605161e-02 1.108399e-11 0.000000e+00 -5.838337e-12 
3.562896e-02 1.084649e-11 0.000000e+00 -6.049286e-12 
3.520529e-02 1.060388e-11 0.000000e+00 -6.248922e-12 
3.478061e-02 1.035666e-11 0.000000e+00 -6.437163e-12 
3.435492e-02 1.010534e-11 0.000000e+00 -6.613946e-12 
3.392821e-02 9.850420e-12 0.000000e+00 -6.779234e-12 
3.350048e-02 9.592388e-12 0.000000e+00 -6.933009e-12 
3.307174e-02 9.331735e-12 0.000000e+00 -7.075277e-12 
3.264198e-02 9.068942e-12 0.000000e+00 -7.206063e-12 
3.221120e-02 8.804481e-12 0.000000e+00 -7.325415e-12 
3.177940e-02 8.538820e-12 0.000000e+00 -7.433399e-12 
3.134659e-02 8.272412e-12 0.000000e+00 -7.530100e-12 
3.091276e-02 8.005704e-12 0.000000e+00 -7.615623e-12 
3.047790e-02 7.739130e-12 0.000000e+00 -7.690088e-12 
3.004203e-02 7.473113e-12 0.000000e+00 -7.753634e-12 
2.960513e-02 7.208065e-12 0.000000e+00 -7.806417e-12 
2.916722e-02 6.944384e-12 0.000000e+00 -7.848606e-12 
2.872828e-02 6.682455e-12 0.000000e+00 -7.880386e-12 
2.828832e-02 6.422650e-12 0.000000e+00 -7.901955e-12 
2.784733e-02 6.165326e-12 0.000000e+00 -7.913524e-12 
2.740533e-02 5.910826e-12 0.000000e+00 -7.915316e-12 
2.696229e-02 5.659478e-12 0.000000e+00 -7.907565e-12 
2.651824e-02 5.411595e-12 0.000000e+00 -7.890516e-12 
2.607316e-02 5.167474e-12 0.000000e+00 -7.864421e-12 
2.562705e-02 4.927396e-12 0.000000e+00 -7.829542e-12 
2.517992e-02 4.691627e-12 0.000000e+00 -7.786149e-12 
2.473175e-02 4.460417e-12 0.000000e+00 -7.734517e-12 
2.428257e-02 4.234000e-12 0.000000e+00 -7.674928e-12 
2.383235e-02 4.012593e-12 0.000000e+00 -7.607668e-12 
2.338111e-02 3.796396e-12 0.000000e+00 -7.533027e-12 
2.292883e-02 3.585596e-12 0.000000e+00 -7.451298e-12 
2.247553e-02 3.380361e-12 0.000000e+00 -7.362777e-12 
2.202120e-02 3.180845e-12 0.000000e+00 -7.267760e-12 
2.156584e-02 2.987184e-12 0.000000e+00 -7.166544e-12 
2.110944e-02 2.799499e-12 0.000000e+00 -7.059427e-12 
2.065202e-02 2.617898e-12 0.000000e+00 -6.946705e-12 
2.019356e-02 2.442469e-12 0.000000e+00 -6.828672e-12 
1.973407e-02 2.273290e-12 0.000000e+00 -6.705619e-12 
1.927355e-02 2.110419e-12 0.000000e+00 -6.577835e-12 
1.881199e-02 1.953905e-12 0.000000e+00 -6.445604e-12 
1.834940e-02 1.803777e-12 0.000000e+00 -6.309207e-12 
1.788577e-02 1.660055e-12 0.000000e+00 -6.168919e-12 
1.742111e-02 1.522742e-12 0.000000e+00 -6.025009e-12 
1.695542e-02 1.391829e-12 0.000000e+00 -5.877740e-12 
1.648869e-02 1.267296e-12 0.000000e+00 -5.727368e-12 
1.602092e-02 1.149107e-12 0.000000e+00 -5.574141e-12 
1.555212e-02 1.037217e-12 0.000000e+00 -5.418301e-12 
1.508227e-02 9.315657e-13 0.000000e+00 -5.260081e-12 
1.461139e-02 8.320852e-13 0.000000e+00 -5.099705e-12 
1.413947e-02 7.386945e-13 0.000000e+00 -4.937389e-12 
1.366652e-02 6.513023e-13 0.000000e+00 -4.773338e-12 
1.319252e-02 5.698071e-13 0.000000e+00 -4.607749e-12 
1.271748e-02 4.940976e-13 0.000000e+00 -4.440809e-12 
1.224141e-02 4.240530e-13 0.000000e+00 -4.272695e-12 
1.176429e-02 3.595432e-13 0.000000e+00 -4.103574e-12 
1.128613e-02 3.004295e-13 0.000000e+00 -3.933602e-12 
1.080693e-02 2.465643e-13 0.000000e+00 -3.762925e-12 
1.032669e-02 1.977922e-13 0.000000e+00 -3.591679e-12 
9.845399e-03 1.539498e-13 0.000000e+00 -3.419989e-12 
9.363070e-03 1.148659e-13 0.000000e+00 -3.247970e-12 
8.879697e-03 8.036224e-14 0.000000e+00 -3.075727e-12 
8.395280e-03 5.025319e-14 0.000000e+00 -2.903354e-12 
7.909819e-03 2.434638e-14 0.000000e+00 -2.730935e-12 
7.423312e-03 2.442716e-15 0.000000e+00 -2.558547e-12 
6.935760e-03 -1.566336e-14 0.000000e+00 -2.386253e-12 
6.447162e-03 -3.018373e-14 0.000000e+00 -2.214109e-12 
5.957517e-03 -4.133643e-14 0.000000e+00 -2.042163e-12 
5.466826e-03 -4.934554e-14 0.000000e+00 -1.870452e-12 
4.975088e-03 -5.444109e-14 0.000000e+00 -1.699003e-12 
4.482301e-03 -5.685898e-14 0.000000e+00 -1.527837e-12 
3.988467e-03 -5.684099e-14 0.000000e+00 -1.356964e-12 
3.493583e-03 -5.463477e-14 0.000000e+00 -1.186387e-12 
2.997651e-03 -5.049399e-14 0.000000e+00 -1.016100e-12 
2.500669e-03 -4.467838e-14 0.000000e+00 -8.460962e-13 
2.002637e-03 -3.745387e-14 0.000000e+00 -6.763625e-13 
1.503554e-03 -2.909260e-14 0.000000e+00 -5.068901e-13 
1.003421e-03 -1.987287e-14 0.000000e+00 -3.376747e-13 
5.022364e-04 -1.007881e-14 0.000000e+00 -1.687157e-13 
0.000000e+00 0.000000e+00 0.000000e+00 0.000000e+00 
