time=450.000000
u1[0] u1[1] u2[0] u2[1]n1.381786e-01 0.000000e+00 0.000000e+00 0.000000e+00 
1.381786e-01 8.928825e-12 0.000000e+00 -9.527908e-13 
1.381788e-01 1.786165e-11 0.000000e+00 -1.873441e-12 
1.381790e-01 2.679369e-11 0.000000e+00 -2.783520e-12 
1.381794e-01 3.572377e-11 0.000000e+00 -3.689815e-12 
1.381799e-01 4.465110e-11 0.000000e+00 -4.595006e-12 
1.381805e-01 5.357499e-11 0.000000e+00 -5.500334e-12 
1.381812e-01 6.249477e-11 0.000000e+00 -6.406398e-12 
1.381820e-01 7.140982e-11 0.000000e+00 -7.313480e-12 
1.381830e-01 8.031951e-11 0.000000e+00 -8.221706e-12 
1.381840e-01 8.922320e-11 0.000000e+00 -9.131119e-12 
1.381852e-01 9.812026e-11 0.000000e+00 -1.004173e-11 
1.381865e-01 1.070100e-10 0.000000e+00 -1.095353e-11 
1.381879e-01 1.158919e-10 0.000000e+00 -1.186651e-11 
1.381894e-01 1.247652e-10 0.000000e+00 -1.278067e-11 
1.381910e-01 1.336292e-10 0.000000e+00 -1.369602e-11 
1.381927e-01 1.424833e-10 0.000000e+00 -1.461257e-11 
1.381945e-01 1.513269e-10 0.000000e+00 -1.553034e-11 
1.381964e-01 1.601593e-10 0.000000e+00 -1.644936e-11 
1.381985e-01 1.689797e-10 0.000000e+00 -1.736965e-11 
1.382006e-01 1.777877e-10 0.000000e+00 -1.829126e-11 
1.382029e-01 1.865824e-10 0.000000e+00 -1.921423e-11 
1.382053e-01 1.953632e-10 0.000000e+00 -2.013859e-11 
1.382078e-01 2.041294e-10 0.000000e+00 -2.106439e-11 
1.382104e-01 2.128804e-10 0.000000e+00 -2.199167e-11 
1.382131e-01 2.216155e-10 0.000000e+00 -2.292047e-11 
1.382159e-01 2.303340e-10 0.000000e+00 -2.385083e-11 
1.382188e-01 2.390353e-10 0.000000e+00 -2.478280e-11 
1.382218e-01 2.477187e-10 0.000000e+00 -2.571641e-11 
1.382249e-01 2.563834e-10 0.000000e+00 -2.665171e-11 
1.382282e-01 2.650289e-10 0.000000e+00 -2.758873e-11 
1.382315e-01 2.736544e-10 0.000000e+00 -2.852749e-11 
1.382350e-01 2.822592e-10 0.000000e+00 -2.946805e-11 
1.382386e-01 2.908428e-10 0.000000e+00 -3.041043e-11 
1.382422e-01 2.994043e-10 0.000000e+00 -3.135465e-11 
1.382460e-01 3.079432e-10 0.000000e+00 -3.230075e-11 
1.382499e-01 3.164587e-10 0.000000e+00 -3.324874e-11 
1.382539e-01 3.249502e-10 0.000000e+00 -3.419867e-11 
1.382580e-01 3.334169e-10 0.000000e+00 -3.515053e-11 
1.382622e-01 3.418582e-10 0.000000e+00 -3.610437e-11 
1.382665e-01 3.502734e-10 0.000000e+00 -3.706019e-11 
1.382709e-01 3.586617e-10 0.000000e+00 -3.801801e-11 
1.382754e-01 3.670226e-10 0.000000e+00 -3.897784e-11 
1.382800e-01 3.753553e-10 0.000000e+00 -3.993970e-11 
1.382847e-01 3.836592e-10 0.000000e+00 -4.090359e-11 
1.382896e-01 3.919334e-10 0.000000e+00 -4.186953e-11 
1.382945e-01 4.001774e-10 0.000000e+00 -4.283752e-11 
1.382995e-01 4.083905e-10 0.000000e+00 -4.380757e-11 
1.383046e-01 4.165719e-10 0.000000e+00 -4.477968e-11 
1.383099e-01 4.247210e-10 0.000000e+00 -4.575385e-11 
1.383152e-01 4.328370e-10 0.000000e+00 -4.673008e-11 
1.383206e-01 4.409194e-10 0.000000e+00 -4.770836e-11 
1.383262e-01 4.489672e-10 0.000000e+00 -4.868870e-11 
1.383318e-01 4.569800e-10 0.000000e+00 -4.967107e-11 
1.383375e-01 4.649570e-10 0.000000e+00 -5.065548e-11 
1.383434e-01 4.728974e-10 0.000000e+00 -5.164191e-11 
1.383493e-01 4.808006e-10 0.000000e+00 -5.263035e-11 
1.383553e-01 4.886660e-10 0.000000e+00 -5.362077e-11 
1.383615e-01 4.964927e-10 0.000000e+00 -5.461317e-11 
1.383677e-01 5.042801e-10 0.000000e+00 -5.560752e-11 
1.383740e-01 5.120276e-10 0.000000e+00 -5.660379e-11 
1.383804e-01 5.197343e-10 0.000000e+00 -5.760197e-11 
1.383870e-01 5.273997e-10 0.000000e+00 -5.860201e-11 
1.383936e-01 5.350230e-10 0.000000e+00 -5.960390e-11 
1.384003e-01 5.426036e-10 0.000000e+00 -6.060759e-11 
1.384071e-01 5.501407e-10 0.000000e+00 -6.161305e-11 
1.384140e-01 5.576337e-10 0.000000e+00 -6.262023e-11 
1.384210e-01 5.650818e-10 0.000000e+00 -6.362910e-11 
1.384280e-01 5.724844e-10 0.000000e+00 -6.463961e-11 
1.384352e-01 5.798408e-10 0.000000e+00 -6.565172e-11 
1.384425e-01 5.871502e-10 0.000000e+00 -6.666536e-11 
1.384498e-01 5.944122e-10 0.000000e+00 -6.768048e-11 
1.384573e-01 6.016258e-10 0.000000e+00 -6.869703e-11 
1.384648e-01 6.087905e-10 0.000000e+00 -6.971494e-11 
1.384724e-01 6.159056e-10 0.000000e+00 -7.073415e-11 
1.384802e-01 6.229704e-10 0.000000e+00 -7.175458e-11 
1.384880e-01 6.299843e-10 0.000000e+00 -7.277618e-11 
1.384958e-01 6.369465e-10 0.000000e+00 -7.379886e-11 
1.385038e-01 6.438564e-10 0.000000e+00 -7.482254e-11 
1.385119e-01 6.507133e-10 0.000000e+00 -7.584714e-11 
1.385200e-01 6.575166e-10 0.000000e+00 -7.687257e-11 
1.385283e-01 6.642656e-10 0.000000e+00 -7.789875e-11 
1.385366e-01 6.709597e-10 0.000000e+00 -7.892558e-11 
1.385450e-01 6.775981e-10 0.000000e+00 -7.995297e-11 
1.385535e-01 6.841803e-10 0.000000e+00 -8.098081e-11 
1.385620e-01 6.907057e-10 0.000000e+00 -8.200899e-11 
1.385707e-01 6.971734e-10 0.000000e+00 -8.303742e-11 
1.385794e-01 7.035831e-10 0.000000e+00 -8.406597e-11 
1.385882e-01 7.099339e-10 0.000000e+00 -8.509453e-11 
1.385971e-01 7.162253e-10 0.000000e+00 -8.612299e-11 
1.386061e-01 7.224567e-10 0.000000e+00 -8.715122e-11 
1.386152e-01 7.286274e-10 0.000000e+00 -8.817909e-11 
1.386243e-01 7.347368e-10 0.000000e+00 -8.920648e-11 
1.386335e-01 7.407844e-10 0.000000e+00 -9.023324e-11 
1.386428e-01 7.467695e-10 0.000000e+00 -9.125925e-11 
1.386521e-01 7.526916e-10 0.000000e+00 -9.228435e-11 
1.386615e-01 7.585499e-10 0.000000e+00 -9.330842e-11 
1.386711e-01 7.643441e-10 0.000000e+00 -9.433130e-11 
1.386806e-01 7.700735e-10 0.000000e+00 -9.535284e-11 
1.386903e-01 7.757375e-10 0.000000e+00 -9.637290e-11 
1.387000e-01 7.813356e-10 0.000000e+00 -9.739131e-11 
1.387098e-01 7.868672e-10 0.000000e+00 -9.840791e-11 
1.387196e-01 7.923318e-10 0.000000e+00 -9.942256e-11 
1.387296e-01 7.977289e-10 0.000000e+00 -1.004351e-10 
1.387396e-01 8.030579e-10 0.000000e+00 -1.014453e-10 
1.387496e-01 8.083183e-10 0.000000e+00 -1.024531e-10 
1.387598e-01 8.135096e-10 0.000000e+00 -1.034582e-10 
1.387700e-01 8.186313e-10 0.000000e+00 -1.044606e-10 
1.387802e-01 8.236829e-10 0.000000e+00 -1.054600e-10 
1.387906e-01 8.286640e-10 0.000000e+00 -1.064563e-10 
1.388010e-01 8.335740e-10 0.000000e+00 -1.074493e-10 
1.388114e-01 8.384126e-10 0.000000e+00 -1.084388e-10 
1.388219e-01 8.431792e-10 0.000000e+00 -1.094247e-10 
1.388325e-01 8.478733e-10 0.000000e+00 -1.104068e-10 
1.388431e-01 8.524947e-10 0.000000e+00 -1.113849e-10 
1.388538e-01 8.570428e-10 0.000000e+00 -1.123588e-10 
1.388646e-01 8.615173e-10 0.000000e+00 -1.133284e-10 
1.388754e-01 8.659177e-10 0.000000e+00 -1.142936e-10 
1.388863e-01 8.702437e-10 0.000000e+00 -1.152542e-10 
1.388972e-01 8.744948e-10 0.000000e+00 -1.162099e-10 
1.389082e-01 8.786707e-10 0.000000e+00 -1.171608e-10 
1.389192e-01 8.827711e-10 0.000000e+00 -1.181065e-10 
1.389303e-01 8.867956e-10 0.000000e+00 -1.190470e-10 
1.389414e-01 8.907438e-10 0.000000e+00 -1.199821e-10 
1.389526e-01 8.946155e-10 0.000000e+00 -1.209118e-10 
1.389638e-01 8.984103e-10 0.000000e+00 -1.218358e-10 
1.389751e-01 9.021280e-10 0.000000e+00 -1.227541e-10 
1.389865e-01 9.057681e-10 0.000000e+00 -1.236665e-10 
1.389978e-01 9.093305e-10 0.000000e+00 -1.245730e-10 
1.390093e-01 9.128149e-10 0.000000e+00 -1.254734e-10 
1.390207e-01 9.162209e-10 0.000000e+00 -1.263677e-10 
1.390323e-01 9.195484e-10 0.000000e+00 -1.272557e-10 
1.390438e-01 9.227971e-10 0.000000e+00 -1.281375e-10 
1.390554e-01 9.259668e-10 0.000000e+00 -1.290130e-10 
1.390670e-01 9.290572e-10 0.000000e+00 -1.298821e-10 
1.390787e-01 9.320681e-10 0.000000e+00 -1.307448e-10 
1.390904e-01 9.349994e-10 0.000000e+00 -1.316011e-10 
1.391022e-01 9.378507e-10 0.000000e+00 -1.324510e-10 
1.391140e-01 9.406220e-10 0.000000e+00 -1.332945e-10 
1.391258e-01 9.433130e-10 0.000000e+00 -1.341317e-10 
1.391377e-01 9.459235e-10 0.000000e+00 -1.349625e-10 
1.391496e-01 9.484533e-10 0.000000e+00 -1.357871e-10 
1.391615e-01 9.509024e-10 0.000000e+00 -1.366056e-10 
1.391735e-01 9.532704e-10 0.000000e+00 -1.374179e-10 
1.391855e-01 9.555573e-10 0.000000e+00 -1.382244e-10 
1.391975e-01 9.577629e-10 0.000000e+00 -1.390250e-10 
1.392095e-01 9.598870e-10 0.000000e+00 -1.398200e-10 
1.392216e-01 9.619295e-10 0.000000e+00 -1.406094e-10 
1.392337e-01 9.638901e-10 0.000000e+00 -1.413937e-10 
1.392458e-01 9.657688e-10 0.000000e+00 -1.421728e-10 
1.392580e-01 9.675653e-10 0.000000e+00 -1.429472e-10 
1.392702e-01 9.692796e-10 0.000000e+00 -1.437170e-10 
1.392824e-01 9.709113e-10 0.000000e+00 -1.444826e-10 
1.392946e-01 9.724604e-10 0.000000e+00 -1.452442e-10 
1.393068e-01 9.739267e-10 0.000000e+00 -1.460022e-10 
1.393191e-01 9.753100e-10 0.000000e+00 -1.467569e-10 
1.393313e-01 9.766100e-10 0.000000e+00 -1.475088e-10 
1.393436e-01 9.778266e-10 0.000000e+00 -1.482582e-10 
1.393559e-01 9.789595e-10 0.000000e+00 -1.490056e-10 
1.393682e-01 9.800085e-10 0.000000e+00 -1.497514e-10 
1.393806e-01 9.809734e-10 0.000000e+00 -1.504961e-10 
1.393929e-01 9.818539e-10 0.000000e+00 -1.512402e-10 
1.394052e-01 9.826498e-10 0.000000e+00 -1.519843e-10 
1.394176e-01 9.833606e-10 0.000000e+00 -1.527288e-10 
1.394300e-01 9.839862e-10 0.000000e+00 -1.534744e-10 
1.394423e-01 9.845262e-10 0.000000e+00 -1.542216e-10 
1.394547e-01 9.849802e-10 0.000000e+00 -1.549712e-10 
1.394671e-01 9.853479e-10 0.000000e+00 -1.557236e-10 
1.394795e-01 9.856288e-10 0.000000e+00 -1.564796e-10 
1.394918e-01 9.858225e-10 0.000000e+00 -1.572399e-10 
1.395042e-01 9.859285e-10 0.000000e+00 -1.580052e-10 
1.395166e-01 9.859465e-10 0.000000e+00 -1.587761e-10 
1.395290e-01 9.858758e-10 0.000000e+00 -1.595535e-10 
1.395414e-01 9.857159e-10 0.000000e+00 -1.603380e-10 
1.395537e-01 9.854663e-10 0.000000e+00 -1.611306e-10 
1.395661e-01 9.851263e-10 0.000000e+00 -1.619318e-10 
1.395784e-01 9.846953e-10 0.000000e+00 -1.627426e-10 
1.395908e-01 9.841726e-10 0.000000e+00 -1.635637e-10 
1.396031e-01 9.835575e-10 0.000000e+00 -1.643959e-10 
1.396155e-01 9.828493e-10 0.000000e+00 -1.652402e-10 
1.396278e-01 9.820471e-10 0.000000e+00 -1.660972e-10 
1.396401e-01 9.811501e-10 0.000000e+00 -1.669678e-10 
1.396524e-01 9.801574e-10 0.000000e+00 -1.678529e-10 
1.396646e-01 9.790682e-10 0.000000e+00 -1.687533e-10 
1.396769e-01 9.778815e-10 0.000000e+00 -1.696698e-10 
1.396891e-01 9.765963e-10 0.000000e+00 -1.706032e-10 
1.397013e-01 9.752116e-10 0.000000e+00 -1.715543e-10 
1.397135e-01 9.737262e-10 0.000000e+00 -1.725239e-10 
1.397257e-01 9.721391e-10 0.000000e+00 -1.735128e-10 
1.397378e-01 9.704492e-10 0.000000e+00 -1.745217e-10 
1.397499e-01 9.686552e-10 0.000000e+00 -1.755514e-10 
1.397620e-01 9.667559e-10 0.000000e+00 -1.766026e-10 
1.397741e-01 9.647500e-10 0.000000e+00 -1.776759e-10 
1.397861e-01 9.626362e-10 0.000000e+00 -1.787721e-10 
1.397981e-01 9.604132e-10 0.000000e+00 -1.798917e-10 
1.398101e-01 9.580796e-10 0.000000e+00 -1.810354e-10 
1.398220e-01 9.556339e-10 0.000000e+00 -1.822036e-10 
1.398339e-01 9.530747e-10 0.000000e+00 -1.833968e-10 
1.398458e-01 9.504005e-10 0.000000e+00 -1.846155e-10 
1.398576e-01 9.476099e-10 0.000000e+00 -1.858601e-10 
1.398694e-01 9.447012e-10 0.000000e+00 -1.871308e-10 
1.398811e-01 9.416729e-10 0.000000e+00 -1.884281e-10 
1.398928e-01 9.385235e-10 0.000000e+00 -1.897520e-10 
1.399045e-01 9.352512e-10 0.000000e+00 -1.911027e-10 
1.399161e-01 9.318546e-10 0.000000e+00 -1.924803e-10 
1.399277e-01 9.283319e-10 0.000000e+00 -1.938848e-10 
1.399392e-01 9.246815e-10 0.000000e+00 -1.953161e-10 
1.399507e-01 9.209019e-10 0.000000e+00 -1.967740e-10 
1.399621e-01 9.169912e-10 0.000000e+00 -1.982582e-10 
1.399735e-01 9.129480e-10 0.000000e+00 -1.997685e-10 
1.399848e-01 9.087705e-10 0.000000e+00 -2.013043e-10 
1.399960e-01 9.044572e-10 0.000000e+00 -2.028651e-10 
1.400072e-01 9.000064e-10 0.000000e+00 -2.044503e-10 
1.400184e-01 8.954166e-10 0.000000e+00 -2.060592e-10 
1.400295e-01 8.906862e-10 0.000000e+00 -2.076909e-10 
1.400405e-01 8.858137e-10 0.000000e+00 -2.093444e-10 
1.400514e-01 8.807977e-10 0.000000e+00 -2.110187e-10 
1.400623e-01 8.756367e-10 0.000000e+00 -2.127126e-10 
1.400732e-01 8.703293e-10 0.000000e+00 -2.144249e-10 
1.400839e-01 8.648743e-10 0.000000e+00 -2.161541e-10 
1.400946e-01 8.592703e-10 0.000000e+00 -2.178986e-10 
1.401053e-01 8.535163e-10 0.000000e+00 -2.196569e-10 
1.401158e-01 8.476111e-10 0.000000e+00 -2.214271e-10 
1.401263e-01 8.415537e-10 0.000000e+00 -2.232075e-10 
1.401367e-01 8.353432e-10 0.000000e+00 -2.249959e-10 
1.401470e-01 8.289789e-10 0.000000e+00 -2.267902e-10 
1.401573e-01 8.224599e-10 0.000000e+00 -2.285883e-10 
1.401675e-01 8.157857e-10 0.000000e+00 -2.303877e-10 
1.401776e-01 8.089559e-10 0.000000e+00 -2.321859e-10 
1.401876e-01 8.019701e-10 0.000000e+00 -2.339803e-10 
1.401975e-01 7.948281e-10 0.000000e+00 -2.357681e-10 
1.402074e-01 7.875298e-10 0.000000e+00 -2.375467e-10 
1.402171e-01 7.800755e-10 0.000000e+00 -2.393129e-10 
1.402268e-01 7.724653e-10 0.000000e+00 -2.410637e-10 
1.402364e-01 7.646996e-10 0.000000e+00 -2.427960e-10 
1.402459e-01 7.567791e-10 0.000000e+00 -2.445065e-10 
1.402553e-01 7.487046e-10 0.000000e+00 -2.461918e-10 
1.402646e-01 7.404770e-10 0.000000e+00 -2.478485e-10 
1.402738e-01 7.320974e-10 0.000000e+00 -2.494730e-10 
1.402829e-01 7.235673e-10 0.000000e+00 -2.510616e-10 
1.402919e-01 7.148882e-10 0.000000e+00 -2.526108e-10 
1.403008e-01 7.060620e-10 0.000000e+00 -2.541166e-10 
1.403096e-01 6.970905e-10 0.000000e+00 -2.555754e-10 
1.403183e-01 6.879760e-10 0.000000e+00 -2.569831e-10 
1.403269e-01 6.787210e-10 0.000000e+00 -2.583358e-10 
1.403354e-01 6.693281e-10 0.000000e+00 -2.596296e-10 
1.403438e-01 6.598002e-10 0.000000e+00 -2.608605e-10 
1.403521e-01 6.501405e-10 0.000000e+00 -2.620244e-10 
1.403602e-01 6.403524e-10 0.000000e+00 -2.631173e-10 
1.403683e-01 6.304394e-10 0.000000e+00 -2.641352e-10 
1.403762e-01 6.204055e-10 0.000000e+00 -2.650740e-10 
1.403841e-01 6.102548e-10 0.000000e+00 -2.659297e-10 
1.403918e-01 5.999916e-10 0.000000e+00 -2.666983e-10 
1.403993e-01 5.896205e-10 0.000000e+00 -2.673758e-10 
1.404068e-01 5.791463e-10 0.000000e+00 -2.679585e-10 
1.404141e-01 5.685743e-10 0.000000e+00 -2.684423e-10 
1.404214e-01 5.579095e-10 0.000000e+00 -2.688237e-10 
1.404285e-01 5.471578e-10 0.000000e+00 -2.690988e-10 
1.404354e-01 5.363247e-10 0.000000e+00 -2.692642e-10 
1.404423e-01 5.254164e-10 0.000000e+00 -2.693163e-10 
1.404490e-01 5.144391e-10 0.000000e+00 -2.692518e-10 
1.404555e-01 5.033993e-10 0.000000e+00 -2.690674e-10 
1.404620e-01 4.923037e-10 0.000000e+00 -2.687602e-10 
1.404683e-01 4.811591e-10 0.000000e+00 -2.683272e-10 
1.404744e-01 4.699726e-10 0.000000e+00 -2.677656e-10 
1.404804e-01 4.587515e-10 0.000000e+00 -2.670728e-10 
1.404863e-01 4.475033e-10 0.000000e+00 -2.662466e-10 
1.404921e-01 4.362355e-10 0.000000e+00 -2.652846e-10 
1.404977e-01 4.249559e-10 0.000000e+00 -2.641850e-10 
1.405031e-01 4.136725e-10 0.000000e+00 -2.629460e-10 
1.405084e-01 4.023933e-10 0.000000e+00 -2.615661e-10 
1.405136e-01 3.911264e-10 0.000000e+00 -2.600440e-10 
1.405186e-01 3.798802e-10 0.000000e+00 -2.583787e-10 
1.405234e-01 3.686630e-10 0.000000e+00 -2.565694e-10 
1.405281e-01 3.574833e-10 0.000000e+00 -2.546157e-10 
1.405327e-01 3.463496e-10 0.000000e+00 -2.525174e-10 
1.405371e-01 3.352704e-10 0.000000e+00 -2.502745e-10 
1.405413e-01 3.242543e-10 0.000000e+00 -2.478874e-10 
1.405453e-01 3.133099e-10 0.000000e+00 -2.453568e-10 
1.405492e-01 3.024457e-10 0.000000e+00 -2.426836e-10 
1.405530e-01 2.916705e-10 0.000000e+00 -2.398690e-10 
1.405566e-01 2.809926e-10 0.000000e+00 -2.369147e-10 
1.405600e-01 2.704205e-10 0.000000e+00 -2.338226e-10 
1.405632e-01 2.599627e-10 0.000000e+00 -2.305947e-10 
1.405663e-01 2.496273e-10 0.000000e+00 -2.272336e-10 
1.405692e-01 2.394226e-10 0.000000e+00 -2.237422e-10 
1.405719e-01 2.293566e-10 0.000000e+00 -2.201235e-10 
1.405744e-01 2.194372e-10 0.000000e+00 -2.163810e-10 
1.405768e-01 2.096720e-10 0.000000e+00 -2.125183e-10 
1.405790e-01 2.000686e-10 0.000000e+00 -2.085396e-10 
1.405810e-01 1.906343e-10 0.000000e+00 -2.044492e-10 
1.405828e-01 1.813760e-10 0.000000e+00 -2.002515e-10 
1.405844e-01 1.723007e-10 0.000000e+00 -1.959517e-10 
1.405859e-01 1.634149e-10 0.000000e+00 -1.915547e-10 
1.405871e-01 1.547248e-10 0.000000e+00 -1.870661e-10 
1.405882e-01 1.462364e-10 0.000000e+00 -1.824915e-10 
1.405891e-01 1.379553e-10 0.000000e+00 -1.778369e-10 
1.405898e-01 1.298869e-10 0.000000e+00 -1.731083e-10 
1.405903e-01 1.220360e-10 0.000000e+00 -1.683121e-10 
1.405906e-01 1.144074e-10 0.000000e+00 -1.634550e-10 
1.405907e-01 1.070052e-10 0.000000e+00 -1.585436e-10 
1.405906e-01 9.983323e-11 0.000000e+00 -1.535848e-10 
1.405903e-01 9.289496e-11 0.000000e+00 -1.485858e-10 
1.405898e-01 8.619340e-11 0.000000e+00 -1.435537e-10 
1.405891e-01 7.973116e-11 0.000000e+00 -1.384959e-10 
1.405882e-01 7.351042e-11 0.000000e+00 -1.334198e-10 
1.405870e-01 6.753292e-11 0.000000e+00 -1.283328e-10 
1.405857e-01 6.179996e-11 0.000000e+00 -1.232426e-10 
1.405841e-01 5.631240e-11 0.000000e+00 -1.181568e-10 
1.405824e-01 5.107066e-11 0.000000e+00 -1.130829e-10 
1.405804e-01 4.607468e-11 0.000000e+00 -1.080286e-10 
1.405782e-01 4.132398e-11 0.000000e+00 -1.030015e-10 
1.405758e-01 3.681760e-11 0.000000e+00 -9.800912e-11 
1.405732e-01 3.255417e-11 0.000000e+00 -9.305894e-11 
1.405703e-01 2.853183e-11 0.000000e+00 -8.815837e-11 
1.405672e-01 2.474832e-11 0.000000e+00 -8.331468e-11 
1.405639e-01 2.120090e-11 0.000000e+00 -7.853502e-11 
1.405604e-01 1.788645e-11 0.000000e+00 -7.382638e-11 
1.405566e-01 1.480139e-11 0.000000e+00 -6.919560e-11 
1.405526e-01 1.194177e-11 0.000000e+00 -6.464929e-11 
1.405484e-01 9.303206e-12 0.000000e+00 -6.019386e-11 
1.405439e-01 6.880959e-12 0.000000e+00 -5.583549e-11 
1.405392e-01 4.669906e-12 0.000000e+00 -5.158011e-11 
1.405343e-01 2.664572e-12 0.000000e+00 -4.743335e-11 
1.405291e-01 8.591441e-13 0.000000e+00 -4.340059e-11 
1.405236e-01 -7.525095e-13 0.000000e+00 -3.948687e-11 
1.405180e-01 -2.176823e-12 0.000000e+00 -3.569691e-11 
1.405121e-01 -3.420513e-12 0.000000e+00 -3.203512e-11 
1.405059e-01 -4.490555e-12 0.000000e+00 -2.850552e-11 
1.404995e-01 -5.394165e-12 0.000000e+00 -2.511181e-11 
1.404928e-01 -6.138775e-12 0.000000e+00 -2.185728e-11 
1.404859e-01 -6.732010e-12 0.000000e+00 -1.874484e-11 
1.404787e-01 -7.181666e-12 0.000000e+00 -1.577701e-11 
1.404713e-01 -7.495682e-12 0.000000e+00 -1.295593e-11 
1.404636e-01 -7.682117e-12 0.000000e+00 -1.028329e-11 
1.404557e-01 -7.749126e-12 0.000000e+00 -7.760410e-12 
1.404475e-01 -7.704931e-12 0.000000e+00 -5.388159e-12 
1.404390e-01 -7.557799e-12 0.000000e+00 -3.167011e-12 
1.404303e-01 -7.316011e-12 0.000000e+00 -1.097015e-12 
1.404213e-01 -6.987843e-12 0.000000e+00 8.221957e-13 
1.404120e-01 -6.581531e-12 0.000000e+00 2.591399e-12 
1.404025e-01 -6.105255e-12 0.000000e+00 4.211784e-12 
1.403927e-01 -5.567106e-12 0.000000e+00 5.684941e-12 
1.403826e-01 -4.975065e-12 0.000000e+00 7.012855e-12 
1.403722e-01 -4.336978e-12 0.000000e+00 8.197900e-12 
1.403616e-01 -3.660530e-12 0.000000e+00 9.242824e-12 
1.403507e-01 -2.953226e-12 0.000000e+00 1.015074e-11 
1.403395e-01 -2.222363e-12 0.000000e+00 1.092511e-11 
1.403280e-01 -1.475014e-12 0.000000e+00 1.156973e-11 
1.403162e-01 -7.180042e-13 0.000000e+00 1.208873e-11 
1.403042e-01 4.210752e-14 0.000000e+00 1.248652e-11 
1.402918e-01 7.990466e-13 0.000000e+00 1.276782e-11 
1.402792e-01 1.546840e-12 0.000000e+00 1.293760e-11 
1.402663e-01 2.279833e-12 0.000000e+00 1.300108e-11 
1.402530e-01 2.992700e-12 0.000000e+00 1.296371e-11 
1.402395e-01 3.680464e-12 0.000000e+00 1.283112e-11 
1.402257e-01 4.338500e-12 0.000000e+00 1.260915e-11 
1.402116e-01 4.962553e-12 0.000000e+00 1.230377e-11 
1.401972e-01 5.548738e-12 0.000000e+00 1.192109e-11 
1.401825e-01 6.093556e-12 0.000000e+00 1.146734e-11 
1.401675e-01 6.593890e-12 0.000000e+00 1.094880e-11 
1.401521e-01 7.047015e-12 0.000000e+00 1.037185e-11 
1.401365e-01 7.450597e-12 0.000000e+00 9.742859e-12 
1.401206e-01 7.802695e-12 0.000000e+00 9.068229e-12 
1.401043e-01 8.101755e-12 0.000000e+00 8.354333e-12 
1.400877e-01 8.346612e-12 0.000000e+00 7.607501e-12 
1.400708e-01 8.536483e-12 0.000000e+00 6.833995e-12 
1.400536e-01 8.670961e-12 0.000000e+00 6.039982e-12 
1.400361e-01 8.750005e-12 0.000000e+00 5.231516e-12 
1.400183e-01 8.773933e-12 0.000000e+00 4.414508e-12 
1.400001e-01 8.743409e-12 0.000000e+00 3.594706e-12 
1.399816e-01 8.659434e-12 0.000000e+00 2.777678e-12 
1.399628e-01 8.523325e-12 0.000000e+00 1.968785e-12 
1.399437e-01 8.336710e-12 0.000000e+00 1.173166e-12 
1.399242e-01 8.101501e-12 0.000000e+00 3.957170e-13 
1.399044e-01 7.819884e-12 0.000000e+00 -3.589243e-13 
1.398843e-01 7.494299e-12 0.000000e+00 -1.086395e-12 
1.398638e-01 7.127416e-12 0.000000e+00 -1.782621e-12 
1.398430e-01 6.722122e-12 0.000000e+00 -2.443832e-12 
1.398218e-01 6.281494e-12 0.000000e+00 -3.066568e-12 
1.398003e-01 5.808779e-12 0.000000e+00 -3.647695e-12 
1.397785e-01 5.307373e-12 0.000000e+00 -4.184411e-12 
1.397563e-01 4.780797e-12 0.000000e+00 -4.674251e-12 
1.397338e-01 4.232673e-12 0.000000e+00 -5.115094e-12 
1.397109e-01 3.666704e-12 0.000000e+00 -5.505167e-12 
1.396877e-01 3.086649e-12 0.000000e+00 -5.843044e-12 
1.396642e-01 2.496296e-12 0.000000e+00 -6.127650e-12 
1.396402e-01 1.899447e-12 0.000000e+00 -6.358253e-12 
1.396159e-01 1.299887e-12 0.000000e+00 -6.534468e-12 
1.395913e-01 7.013690e-13 0.000000e+00 -6.656247e-12 
1.395663e-01 1.075854e-13 0.000000e+00 -6.723874e-12 
1.395410e-01 -4.778487e-13 0.000000e+00 -6.737957e-12 
1.395153e-01 -1.051418e-12 0.000000e+00 -6.699418e-12 
1.394892e-01 -1.609726e-12 0.000000e+00 -6.609481e-12 
1.394627e-01 -2.149514e-12 0.000000e+00 -6.469660e-12 
1.394359e-01 -2.667679e-12 0.000000e+00 -6.281746e-12 
1.394087e-01 -3.161291e-12 0.000000e+00 -6.047790e-12 
1.393812e-01 -3.627605e-12 0.000000e+00 -5.770089e-12 
1.393533e-01 -4.064082e-12 0.000000e+00 -5.451165e-12 
1.393250e-01 -4.468393e-12 0.000000e+00 -5.093750e-12 
1.392963e-01 -4.838440e-12 0.000000e+00 -4.700765e-12 
1.392672e-01 -5.172358e-12 0.000000e+00 -4.275301e-12 
1.392378e-01 -5.468528e-12 0.000000e+00 -3.820596e-12 
1.392080e-01 -5.725583e-12 0.000000e+00 -3.340015e-12 
1.391778e-01 -5.942413e-12 0.000000e+00 -2.837029e-12 
1.391472e-01 -6.118169e-12 0.000000e+00 -2.315193e-12 
1.391162e-01 -6.252267e-12 0.000000e+00 -1.778122e-12 
1.390848e-01 -6.344385e-12 0.000000e+00 -1.229470e-12 
1.390531e-01 -6.394468e-12 0.000000e+00 -6.729058e-13 
1.390209e-01 -6.402718e-12 0.000000e+00 -1.120952e-13 
1.389884e-01 -6.369597e-12 0.000000e+00 4.493257e-13 
1.389555e-01 -6.295819e-12 0.000000e+00 1.007769e-12 
1.389221e-01 -6.182341e-12 0.000000e+00 1.559717e-12 
1.388884e-01 -6.030359e-12 0.000000e+00 2.101742e-12 
1.388543e-01 -5.841293e-12 0.000000e+00 2.630527e-12 
1.388197e-01 -5.616783e-12 0.000000e+00 3.142881e-12 
1.387848e-01 -5.358670e-12 0.000000e+00 3.635761e-12 
1.387494e-01 -5.068987e-12 0.000000e+00 4.106288e-12 
1.387137e-01 -4.749943e-12 0.000000e+00 4.551757e-12 
1.386775e-01 -4.403909e-12 0.000000e+00 4.969660e-12 
1.386409e-01 -4.033400e-12 0.000000e+00 5.357693e-12 
1.386039e-01 -3.641060e-12 0.000000e+00 5.713769e-12 
1.385665e-01 -3.229645e-12 0.000000e+00 6.036028e-12 
1.385287e-01 -2.802000e-12 0.000000e+00 6.322848e-12 
1.384904e-01 -2.361049e-12 0.000000e+00 6.572850e-12 
1.384518e-01 -1.909766e-12 0.000000e+00 6.784906e-12 
1.384127e-01 -1.451167e-12 0.000000e+00 6.958139e-12 
1.383732e-01 -9.882815e-13 0.000000e+00 7.091930e-12 
1.383332e-01 -5.241383e-13 0.000000e+00 7.185919e-12 
1.382928e-01 -6.174597e-14 0.000000e+00 7.240000e-12 
1.382520e-01 3.959266e-13 0.000000e+00 7.254326e-12 
1.382108e-01 8.459677e-13 0.000000e+00 7.229296e-12 
1.381691e-01 1.285541e-12 0.000000e+00 7.165562e-12 
1.381270e-01 1.711904e-12 0.000000e+00 7.064010e-12 
1.380845e-01 2.122420e-12 0.000000e+00 6.925762e-12 
1.380415e-01 2.514580e-12 0.000000e+00 6.752161e-12 
1.379981e-01 2.886014e-12 0.000000e+00 6.544761e-12 
1.379543e-01 3.234504e-12 0.000000e+00 6.305318e-12 
1.379100e-01 3.558000e-12 0.000000e+00 6.035775e-12 
1.378652e-01 3.854629e-12 0.000000e+00 5.738247e-12 
1.378200e-01 4.122705e-12 0.000000e+00 5.415008e-12 
1.377744e-01 4.360742e-12 0.000000e+00 5.068476e-12 
1.377283e-01 4.567458e-12 0.000000e+00 4.701192e-12 
1.376817e-01 4.741785e-12 0.000000e+00 4.315807e-12 
1.376347e-01 4.882869e-12 0.000000e+00 3.915064e-12 
1.375873e-01 4.990081e-12 0.000000e+00 3.501776e-12 
1.375393e-01 5.063013e-12 0.000000e+00 3.078813e-12 
1.374910e-01 5.101482e-12 0.000000e+00 2.649078e-12 
1.374421e-01 5.105531e-12 0.000000e+00 2.215492e-12 
1.373928e-01 5.075424e-12 0.000000e+00 1.780973e-12 
1.373431e-01 5.011642e-12 0.000000e+00 1.348418e-12 
1.372928e-01 4.914884e-12 0.000000e+00 9.206860e-13 
1.372421e-01 4.786056e-12 0.000000e+00 5.005769e-13 
1.371909e-01 4.626263e-12 0.000000e+00 9.081728e-14 
1.371393e-01 4.436806e-12 0.000000e+00 -3.059582e-13 
1.370872e-01 4.219168e-12 0.000000e+00 -6.872227e-13 
1.370346e-01 3.975003e-12 0.000000e+00 -1.050572e-12 
1.369815e-01 3.706126e-12 0.000000e+00 -1.393741e-12 
1.369280e-01 3.414500e-12 0.000000e+00 -1.714615e-12 
1.368739e-01 3.102223e-12 0.000000e+00 -2.011241e-12 
1.368194e-01 2.771510e-12 0.000000e+00 -2.281844e-12 
1.367644e-01 2.424682e-12 0.000000e+00 -2.524832e-12 
1.367090e-01 2.064150e-12 0.000000e+00 -2.738809e-12 
1.366530e-01 1.692395e-12 0.000000e+00 -2.922579e-12 
1.365965e-01 1.311955e-12 0.000000e+00 -3.075153e-12 
1.365396e-01 9.254086e-13 0.000000e+00 -3.195758e-12 
1.364821e-01 5.353550e-13 0.000000e+00 -3.283833e-12 
1.364242e-01 1.443993e-13 0.000000e+00 -3.339039e-12 
1.363658e-01 -2.448653e-13 0.000000e+00 -3.361252e-12 
1.363068e-01 -6.298738e-13 0.000000e+00 -3.350571e-12 
1.362474e-01 -1.008107e-12 0.000000e+00 -3.307306e-12 
1.361875e-01 -1.377105e-12 0.000000e+00 -3.231982e-12 
1.361271e-01 -1.734488e-12 0.000000e+00 -3.125331e-12 
1.360661e-01 -2.077965e-12 0.000000e+00 -2.988286e-12 
1.360047e-01 -2.405353e-12 0.000000e+00 -2.821974e-12 
1.359427e-01 -2.714587e-12 0.000000e+00 -2.627706e-12 
1.358803e-01 -3.003738e-12 0.000000e+00 -2.406971e-12 
1.358173e-01 -3.271019e-12 0.000000e+00 -2.161419e-12 
1.357538e-01 -3.514798e-12 0.000000e+00 -1.892853e-12 
1.356898e-01 -3.733610e-12 0.000000e+00 -1.603218e-12 
1.356253e-01 -3.926162e-12 0.000000e+00 -1.294581e-12 
1.355602e-01 -4.091344e-12 0.000000e+00 -9.691250e-13 
1.354947e-01 -4.228233e-12 0.000000e+00 -6.291254e-13 
1.354286e-01 -4.336097e-12 0.000000e+00 -2.769404e-13 
1.353620e-01 -4.414401e-12 0.000000e+00 8.500733e-14 
1.352949e-01 -4.462810e-12 0.000000e+00 4.542466e-13 
1.352272e-01 -4.481188e-12 0.000000e+00 8.282743e-13 
1.351591e-01 -4.469597e-12 0.000000e+00 1.204572e-12 
1.350904e-01 -4.428297e-12 0.000000e+00 1.580623e-12 
1.350211e-01 -4.357747e-12 0.000000e+00 1.953929e-12 
1.349513e-01 -4.258592e-12 0.000000e+00 2.322024e-12 
1.348810e-01 -4.131666e-12 0.000000e+00 2.682496e-12 
1.348102e-01 -3.977981e-12 0.000000e+00 3.032995e-12 
1.347388e-01 -3.798721e-12 0.000000e+00 3.371255e-12 
1.346669e-01 -3.595233e-12 0.000000e+00 3.695105e-12 
1.345944e-01 -3.369017e-12 0.000000e+00 4.002482e-12 
1.345214e-01 -3.121716e-12 0.000000e+00 4.291448e-12 
1.344479e-01 -2.855103e-12 0.000000e+00 4.560197e-12 
1.343738e-01 -2.571070e-12 0.000000e+00 4.807069e-12 
1.342991e-01 -2.271614e-12 0.000000e+00 5.030562e-12 
1.342239e-01 -1.958825e-12 0.000000e+00 5.229335e-12 
1.341482e-01 -1.634868e-12 0.000000e+00 5.402223e-12 
1.340719e-01 -1.301972e-12 0.000000e+00 5.548239e-12 
1.339950e-01 -9.624155e-13 0.000000e+00 5.666580e-12 
1.339176e-01 -6.185055e-13 0.000000e+00 5.756634e-12 
1.338396e-01 -2.725684e-13 0.000000e+00 5.817980e-12 
1.337611e-01 7.306872e-14 0.000000e+00 5.850392e-12 
1.336820e-01 4.160925e-13 0.000000e+00 5.853836e-12 
1.336024e-01 7.542191e-13 0.000000e+00 5.828475e-12 
1.335221e-01 1.085209e-12 0.000000e+00 5.774659e-12 
1.334414e-01 1.406880e-12 0.000000e+00 5.692929e-12 
1.333600e-01 1.717125e-12 0.000000e+00 5.584009e-12 
1.332781e-01 2.013922e-12 0.000000e+00 5.448799e-12 
1.331956e-01 2.295349e-12 0.000000e+00 5.288370e-12 
1.331125e-01 2.559595e-12 0.000000e+00 5.103957e-12 
1.330289e-01 2.804974e-12 0.000000e+00 4.896947e-12 
1.329447e-01 3.029931e-12 0.000000e+00 4.668870e-12 
1.328599e-01 3.233056e-12 0.000000e+00 4.421390e-12 
1.327745e-01 3.413091e-12 0.000000e+00 4.156290e-12 
1.326886e-01 3.568938e-12 0.000000e+00 3.875463e-12 
1.326020e-01 3.699664e-12 0.000000e+00 3.580896e-12 
1.325149e-01 3.804507e-12 0.000000e+00 3.274659e-12 
1.324272e-01 3.882883e-12 0.000000e+00 2.958885e-12 
1.323389e-01 3.934385e-12 0.000000e+00 2.635765e-12 
1.322500e-01 3.958787e-12 0.000000e+00 2.307526e-12 
1.321606e-01 3.956044e-12 0.000000e+00 1.976416e-12 
1.320705e-01 3.926291e-12 0.000000e+00 1.644692e-12 
1.319798e-01 3.869845e-12 0.000000e+00 1.314607e-12 
1.318886e-01 3.787196e-12 0.000000e+00 9.883865e-13 
1.317967e-01 3.679006e-12 0.000000e+00 6.682234e-13 
1.317043e-01 3.546106e-12 0.000000e+00 3.562578e-13 
1.316112e-01 3.389484e-12 0.000000e+00 5.456503e-14 
1.315176e-01 3.210286e-12 0.000000e+00 -2.348580e-13 
1.314233e-01 3.009797e-12 0.000000e+00 -5.101060e-13 
1.313285e-01 2.789443e-12 0.000000e+00 -7.693768e-13 
1.312330e-01 2.550773e-12 0.000000e+00 -1.010984e-12 
1.311370e-01 2.295452e-12 0.000000e+00 -1.233365e-12 
1.310403e-01 2.025246e-12 0.000000e+00 -1.435096e-12 
1.309430e-01 1.742015e-12 0.000000e+00 -1.614893e-12 
1.308451e-01 1.447695e-12 0.000000e+00 -1.771627e-12 
1.307466e-01 1.144291e-12 0.000000e+00 -1.904328e-12 
1.306474e-01 8.338548e-13 0.000000e+00 -2.012188e-12 
1.305477e-01 5.184797e-13 0.000000e+00 -2.094570e-12 
1.304473e-01 2.002815e-13 0.000000e+00 -2.151008e-12 
1.303463e-01 -1.186138e-13 0.000000e+00 -2.181211e-12 
1.302447e-01 -4.360847e-13 0.000000e+00 -2.185064e-12 
1.301425e-01 -7.500276e-13 0.000000e+00 -2.162628e-12 
1.300396e-01 -1.058371e-12 0.000000e+00 -2.114138e-12 
1.299362e-01 -1.359090e-12 0.000000e+00 -2.039999e-12 
1.298320e-01 -1.650216e-12 0.000000e+00 -1.940788e-12 
1.297273e-01 -1.929855e-12 0.000000e+00 -1.817243e-12 
1.296219e-01 -2.196194e-12 0.000000e+00 -1.670263e-12 
1.295159e-01 -2.447516e-12 0.000000e+00 -1.500895e-12 
1.294093e-01 -2.682212e-12 0.000000e+00 -1.310333e-12 
1.293020e-01 -2.898786e-12 0.000000e+00 -1.099905e-12 
1.291941e-01 -3.095870e-12 0.000000e+00 -8.710650e-13 
1.290856e-01 -3.272230e-12 0.000000e+00 -6.253827e-13 
1.289764e-01 -3.426772e-12 0.000000e+00 -3.645329e-13 
1.288665e-01 -3.558551e-12 0.000000e+00 -9.028375e-14 
1.287561e-01 -3.666776e-12 0.000000e+00 1.955155e-13 
1.286449e-01 -3.750814e-12 0.000000e+00 4.909470e-13 
1.285332e-01 -3.810195e-12 0.000000e+00 7.940370e-13 
1.284208e-01 -3.844611e-12 0.000000e+00 1.102769e-12 
1.283077e-01 -3.853920e-12 0.000000e+00 1.415099e-12 
1.281940e-01 -3.838147e-12 0.000000e+00 1.728965e-12 
1.280796e-01 -3.797481e-12 0.000000e+00 2.042306e-12 
1.279646e-01 -3.732273e-12 0.000000e+00 2.353071e-12 
1.278489e-01 -3.643035e-12 0.000000e+00 2.659235e-12 
1.277326e-01 -3.530434e-12 0.000000e+00 2.958810e-12 
1.276156e-01 -3.395289e-12 0.000000e+00 3.249862e-12 
1.274980e-01 -3.238562e-12 0.000000e+00 3.530518e-12 
1.273797e-01 -3.061354e-12 0.000000e+00 3.798983e-12 
1.272607e-01 -2.864896e-12 0.000000e+00 4.053547e-12 
1.271410e-01 -2.650540e-12 0.000000e+00 4.292600e-12 
1.270207e-01 -2.419751e-12 0.000000e+00 4.514638e-12 
1.268998e-01 -2.174094e-12 0.000000e+00 4.718277e-12 
1.267781e-01 -1.915228e-12 0.000000e+00 4.902257e-12 
1.266558e-01 -1.644891e-12 0.000000e+00 5.065453e-12 
1.265329e-01 -1.364889e-12 0.000000e+00 5.206878e-12 
1.264092e-01 -1.077086e-12 0.000000e+00 5.325694e-12 
1.262849e-01 -7.833877e-13 0.000000e+00 5.421213e-12 
1.261599e-01 -4.857341e-13 0.000000e+00 5.492902e-12 
1.260342e-01 -1.860823e-13 0.000000e+00 5.540385e-12 
1.259079e-01 1.136040e-13 0.000000e+00 5.563446e-12 
1.257808e-01 4.113683e-13 0.000000e+00 5.562029e-12 
1.256531e-01 7.052731e-13 0.000000e+00 5.536238e-12 
1.255247e-01 9.934131e-13 0.000000e+00 5.486335e-12 
1.253956e-01 1.273927e-12 0.000000e+00 5.412738e-12 
1.252659e-01 1.545010e-12 0.000000e+00 5.316018e-12 
1.251354e-01 1.804924e-12 0.000000e+00 5.196894e-12 
1.250042e-01 2.052010e-12 0.000000e+00 5.056228e-12 
1.248724e-01 2.284696e-12 0.000000e+00 4.895017e-12 
1.247399e-01 2.501512e-12 0.000000e+00 4.714390e-12 
1.246067e-01 2.701093e-12 0.000000e+00 4.515597e-12 
1.244728e-01 2.882191e-12 0.000000e+00 4.300001e-12 
1.243381e-01 3.043681e-12 0.000000e+00 4.069067e-12 
1.242028e-01 3.184567e-12 0.000000e+00 3.824358e-12 
1.240668e-01 3.303993e-12 0.000000e+00 3.567516e-12 
1.239301e-01 3.401241e-12 0.000000e+00 3.300258e-12 
1.237927e-01 3.475738e-12 0.000000e+00 3.024361e-12 
1.236546e-01 3.527061e-12 0.000000e+00 2.741652e-12 
1.235158e-01 3.554936e-12 0.000000e+00 2.453995e-12 
1.233763e-01 3.559240e-12 0.000000e+00 2.163279e-12 
1.232360e-01 3.540002e-12 0.000000e+00 1.871407e-12 
1.230951e-01 3.497402e-12 0.000000e+00 1.580281e-12 
1.229535e-01 3.431769e-12 0.000000e+00 1.291793e-12 
1.228111e-01 3.343578e-12 0.000000e+00 1.007810e-12 
1.226680e-01 3.233445e-12 0.000000e+00 7.301654e-13 
1.225243e-01 3.102126e-12 0.000000e+00 4.606438e-13 
1.223798e-01 2.950509e-12 0.000000e+00 2.009725e-13 
1.222346e-01 2.779608e-12 0.000000e+00 -4.719019e-14 
1.220886e-01 2.590556e-12 0.000000e+00 -2.822655e-13 
1.219420e-01 2.384599e-12 0.000000e+00 -5.027636e-13 
1.217946e-01 2.163085e-12 0.000000e+00 -7.072927e-13 
1.216465e-01 1.927456e-12 0.000000e+00 -8.945674e-13 
1.214977e-01 1.679241e-12 0.000000e+00 -1.063417e-12 
1.213481e-01 1.420040e-12 0.000000e+00 -1.212791e-12 
1.211979e-01 1.151521e-12 0.000000e+00 -1.341768e-12 
1.210469e-01 8.754025e-13 0.000000e+00 -1.449556e-12 
1.208952e-01 5.934469e-13 0.000000e+00 -1.535504e-12 
1.207427e-01 3.074471e-13 0.000000e+00 -1.599099e-12 
1.205895e-01 1.921555e-14 0.000000e+00 -1.639971e-12 
1.204356e-01 -2.694271e-13 0.000000e+00 -1.657897e-12 
1.202809e-01 -5.566638e-13 0.000000e+00 -1.652797e-12 
1.201256e-01 -8.406921e-13 0.000000e+00 -1.624738e-12 
1.199694e-01 -1.119736e-12 0.000000e+00 -1.573932e-12 
1.198126e-01 -1.392057e-12 0.000000e+00 -1.500732e-12 
1.196550e-01 -1.655962e-12 0.000000e+00 -1.405631e-12 
1.194966e-01 -1.909821e-12 0.000000e+00 -1.289259e-12 
1.193375e-01 -2.152067e-12 0.000000e+00 -1.152375e-12 
1.191777e-01 -2.381214e-12 0.000000e+00 -9.958674e-13 
1.190171e-01 -2.595862e-12 0.000000e+00 -8.207414e-13 
1.188558e-01 -2.794705e-12 0.000000e+00 -6.281168e-13 
1.186937e-01 -2.976542e-12 0.000000e+00 -4.192185e-13 
1.185309e-01 -3.140278e-12 0.000000e+00 -1.953691e-13 
1.183674e-01 -3.284939e-12 0.000000e+00 4.202032e-14 
1.182030e-01 -3.409669e-12 0.000000e+00 2.914590e-13 
1.180380e-01 -3.513739e-12 0.000000e+00 5.513861e-13 
1.178722e-01 -3.596551e-12 0.000000e+00 8.201812e-13 
1.177056e-01 -3.657641e-12 0.000000e+00 1.096174e-12 
1.175382e-01 -3.696680e-12 0.000000e+00 1.377655e-12 
1.173701e-01 -3.713477e-12 0.000000e+00 1.662888e-12 
1.172013e-01 -3.707978e-12 0.000000e+00 1.950116e-12 
1.170317e-01 -3.680267e-12 0.000000e+00 2.237580e-12 
1.168613e-01 -3.630565e-12 0.000000e+00 2.523522e-12 
1.166902e-01 -3.559225e-12 0.000000e+00 2.806201e-12 
1.165183e-01 -3.466734e-12 0.000000e+00 3.083901e-12 
1.163456e-01 -3.353708e-12 0.000000e+00 3.354944e-12 
1.161722e-01 -3.220883e-12 0.000000e+00 3.617697e-12 
1.159980e-01 -3.069118e-12 0.000000e+00 3.870583e-12 
1.158230e-01 -2.899383e-12 0.000000e+00 4.112093e-12 
1.156473e-01 -2.712752e-12 0.000000e+00 4.340791e-12 
1.154707e-01 -2.510404e-12 0.000000e+00 4.555324e-12 
1.152935e-01 -2.293604e-12 0.000000e+00 4.754431e-12 
1.151154e-01 -2.063704e-12 0.000000e+00 4.936949e-12 
1.149366e-01 -1.822132e-12 0.000000e+00 5.101820e-12 
1.147570e-01 -1.570378e-12 0.000000e+00 5.248097e-12 
1.145766e-01 -1.309993e-12 0.000000e+00 5.374949e-12 
1.143954e-01 -1.042572e-12 0.000000e+00 5.481666e-12 
1.142135e-01 -7.697498e-13 0.000000e+00 5.567662e-12 
1.140307e-01 -4.931861e-13 0.000000e+00 5.632479e-12 
1.138472e-01 -2.145589e-13 0.000000e+00 5.675788e-12 
1.136629e-01 6.444733e-14 0.000000e+00 5.697391e-12 
1.134778e-01 3.421516e-13 0.000000e+00 5.697223e-12 
1.132920e-01 6.168862e-13 0.000000e+00 5.675347e-12 
1.131053e-01 8.870068e-13 0.000000e+00 5.631961e-12 
1.129179e-01 1.150902e-12 0.000000e+00 5.567388e-12 
1.127296e-01 1.407005e-12 0.000000e+00 5.482078e-12 
1.125406e-01 1.653797e-12 0.000000e+00 5.376603e-12 
1.123508e-01 1.889823e-12 0.000000e+00 5.251656e-12 
1.121602e-01 2.113696e-12 0.000000e+00 5.108042e-12 
1.119688e-01 2.324106e-12 0.000000e+00 4.946674e-12 
1.117766e-01 2.519829e-12 0.000000e+00 4.768569e-12 
1.115836e-01 2.699728e-12 0.000000e+00 4.574840e-12 
1.113898e-01 2.862769e-12 0.000000e+00 4.366689e-12 
1.111952e-01 3.008018e-12 0.000000e+00 4.145398e-12 
1.109998e-01 3.134650e-12 0.000000e+00 3.912325e-12 
1.108035e-01 3.241953e-12 0.000000e+00 3.668890e-12 
1.106065e-01 3.329330e-12 0.000000e+00 3.416573e-12 
1.104087e-01 3.396306e-12 0.000000e+00 3.156897e-12 
1.102101e-01 3.442525e-12 0.000000e+00 2.891425e-12 
1.100107e-01 3.467755e-12 0.000000e+00 2.621751e-12 
1.098105e-01 3.471888e-12 0.000000e+00 2.349484e-12 
1.096094e-01 3.454939e-12 0.000000e+00 2.076244e-12 
1.094076e-01 3.417047e-12 0.000000e+00 1.803653e-12 
1.092049e-01 3.358472e-12 0.000000e+00 1.533321e-12 
1.090014e-01 3.279594e-12 0.000000e+00 1.266840e-12 
1.087971e-01 3.180909e-12 0.000000e+00 1.005773e-12 
1.085920e-01 3.063028e-12 0.000000e+00 7.516472e-13 
1.083861e-01 2.926669e-12 0.000000e+00 5.059437e-13 
1.081794e-01 2.772656e-12 0.000000e+00 2.700888e-13 
1.079718e-01 2.601912e-12 0.000000e+00 4.544687e-14 
1.077635e-01 2.415452e-12 0.000000e+00 -1.666876e-13 
1.075543e-01 2.214378e-12 0.000000e+00 -3.650972e-13 
1.073443e-01 1.999876e-12 0.000000e+00 -5.486480e-13 
1.071334e-01 1.773199e-12 0.000000e+00 -7.162961e-13 
1.069218e-01 1.535669e-12 0.000000e+00 -8.670928e-13 
1.067093e-01 1.288665e-12 0.000000e+00 -1.000190e-12 
1.064960e-01 1.033615e-12 0.000000e+00 -1.114843e-12 
1.062818e-01 7.719864e-13 0.000000e+00 -1.210418e-12 
1.060668e-01 5.052806e-13 0.000000e+00 -1.286390e-12 
1.058510e-01 2.350213e-13 0.000000e+00 -1.342350e-12 
1.056344e-01 -3.725303e-14 0.000000e+00 -1.378004e-12 
1.054169e-01 -3.099981e-13 0.000000e+00 -1.393174e-12 
1.051987e-01 -5.816729e-13 0.000000e+00 -1.387800e-12 
1.049795e-01 -8.507480e-13 0.000000e+00 -1.361938e-12 
1.047596e-01 -1.115715e-12 0.000000e+00 -1.315760e-12 
1.045388e-01 -1.375093e-12 0.000000e+00 -1.249555e-12 
1.043171e-01 -1.627440e-12 0.000000e+00 -1.163719e-12 
1.040946e-01 -1.871357e-12 0.000000e+00 -1.058763e-12 
1.038713e-01 -2.105501e-12 0.000000e+00 -9.352977e-13 
1.036472e-01 -2.328585e-12 0.000000e+00 -7.940404e-13 
1.034222e-01 -2.539391e-12 0.000000e+00 -6.358033e-13 
1.031963e-01 -2.736774e-12 0.000000e+00 -4.614908e-13 
1.029697e-01 -2.919669e-12 0.000000e+00 -2.720941e-13 
1.027421e-01 -3.087094e-12 0.000000e+00 -6.868447e-14 
1.025137e-01 -3.238159e-12 0.000000e+00 1.475927e-13 
1.022845e-01 -3.372066e-12 0.000000e+00 3.755249e-13 
1.020545e-01 -3.488118e-12 0.000000e+00 6.138396e-13 
1.018235e-01 -3.585717e-12 0.000000e+00 8.612119e-13 
1.015918e-01 -3.664371e-12 0.000000e+00 1.116272e-12 
1.013591e-01 -3.723694e-12 0.000000e+00 1.377612e-12 
1.011257e-01 -3.763407e-12 0.000000e+00 1.643797e-12 
1.008913e-01 -3.783341e-12 0.000000e+00 1.913369e-12 
1.006562e-01 -3.783436e-12 0.000000e+00 2.184860e-12 
1.004201e-01 -3.763741e-12 0.000000e+00 2.456794e-12 
1.001832e-01 -3.724412e-12 0.000000e+00 2.727701e-12 
9.994548e-02 -3.665713e-12 0.000000e+00 2.996122e-12 
9.970687e-02 -3.588012e-12 0.000000e+00 3.260617e-12 
9.946740e-02 -3.491778e-12 0.000000e+00 3.519776e-12 
9.922707e-02 -3.377579e-12 0.000000e+00 3.772220e-12 
9.898588e-02 -3.246078e-12 0.000000e+00 4.016614e-12 
9.874383e-02 -3.098030e-12 0.000000e+00 4.251674e-12 
9.850091e-02 -2.934274e-12 0.000000e+00 4.476169e-12 
9.825713e-02 -2.755733e-12 0.000000e+00 4.688933e-12 
9.801248e-02 -2.563402e-12 0.000000e+00 4.888867e-12 
9.776696e-02 -2.358349e-12 0.000000e+00 5.074945e-12 
9.752058e-02 -2.141705e-12 0.000000e+00 5.246221e-12 
9.727333e-02 -1.914655e-12 0.000000e+00 5.401834e-12 
9.702521e-02 -1.678439e-12 0.000000e+00 5.541007e-12 
9.677622e-02 -1.434338e-12 0.000000e+00 5.663058e-12 
9.652635e-02 -1.183669e-12 0.000000e+00 5.767397e-12 
9.627561e-02 -9.277790e-13 0.000000e+00 5.853533e-12 
9.602400e-02 -6.680368e-13 0.000000e+00 5.921072e-12 
9.577152e-02 -4.058248e-13 0.000000e+00 5.969723e-12 
9.551815e-02 -1.425326e-13 0.000000e+00 5.999293e-12 
9.526392e-02 1.204511e-13 0.000000e+00 6.009694e-12 
9.500880e-02 3.817452e-13 0.000000e+00 6.000938e-12 
9.475280e-02 6.399840e-13 0.000000e+00 5.973139e-12 
9.449593e-02 8.938242e-13 0.000000e+00 5.926510e-12 
9.423817e-02 1.141952e-12 0.000000e+00 5.861362e-12 
9.397953e-02 1.383088e-12 0.000000e+00 5.778101e-12 
9.372001e-02 1.615998e-12 0.000000e+00 5.677228e-12 
9.345961e-02 1.839495e-12 0.000000e+00 5.559331e-12 
9.319832e-02 2.052446e-12 0.000000e+00 5.425085e-12 
9.293615e-02 2.253778e-12 0.000000e+00 5.275248e-12 
9.267309e-02 2.442485e-12 0.000000e+00 5.110655e-12 
9.240914e-02 2.617630e-12 0.000000e+00 4.932212e-12 
9.214430e-02 2.778351e-12 0.000000e+00 4.740893e-12 
9.187857e-02 2.923863e-12 0.000000e+00 4.537735e-12 
9.161196e-02 3.053464e-12 0.000000e+00 4.323829e-12 
9.134445e-02 3.166539e-12 0.000000e+00 4.100318e-12 
9.107605e-02 3.262556e-12 0.000000e+00 3.868387e-12 
9.080675e-02 3.341078e-12 0.000000e+00 3.629258e-12 
9.053656e-02 3.401756e-12 0.000000e+00 3.384187e-12 
9.026548e-02 3.444335e-12 0.000000e+00 3.134449e-12 
8.999350e-02 3.468651e-12 0.000000e+00 2.881341e-12 
8.972063e-02 3.474637e-12 0.000000e+00 2.626167e-12 
8.944685e-02 3.462317e-12 0.000000e+00 2.370238e-12 
8.917218e-02 3.431806e-12 0.000000e+00 2.114858e-12 
8.889660e-02 3.383313e-12 0.000000e+00 1.861326e-12 
8.862013e-02 3.317134e-12 0.000000e+00 1.610922e-12 
8.834276e-02 3.233653e-12 0.000000e+00 1.364905e-12 
8.806448e-02 3.133339e-12 0.000000e+00 1.124504e-12 
8.778530e-02 3.016741e-12 0.000000e+00 8.909133e-13 
8.750521e-02 2.884488e-12 0.000000e+00 6.652887e-13 
8.722422e-02 2.737283e-12 0.000000e+00 4.487385e-13 
8.694232e-02 2.575899e-12 0.000000e+00 2.423199e-13 
8.665952e-02 2.401175e-12 0.000000e+00 4.703435e-14 
8.637581e-02 2.214012e-12 0.000000e+00 -1.361778e-13 
8.609118e-02 2.015366e-12 0.000000e+00 -3.064408e-13 
8.580565e-02 1.806246e-12 0.000000e+00 -4.629480e-13 
8.551921e-02 1.587706e-12 0.000000e+00 -6.049651e-13 
8.523186e-02 1.360840e-12 0.000000e+00 -7.318329e-13 
8.494359e-02 1.126775e-12 0.000000e+00 -8.429707e-13 
8.465441e-02 8.866703e-13 0.000000e+00 -9.378781e-13 
8.436432e-02 6.417044e-13 0.000000e+00 -1.016137e-12 
8.407331e-02 3.930742e-13 0.000000e+00 -1.077412e-12 
8.378138e-02 1.419870e-13 0.000000e+00 -1.121454e-12 
8.348854e-02 -1.103451e-13 0.000000e+00 -1.148098e-12 
8.319478e-02 -3.627112e-13 0.000000e+00 -1.157265e-12 
8.290011e-02 -6.139078e-13 0.000000e+00 -1.148959e-12 
8.260451e-02 -8.627441e-13 0.000000e+00 -1.123272e-12 
8.230799e-02 -1.108048e-12 0.000000e+00 -1.080376e-12 
8.201055e-02 -1.348671e-12 0.000000e+00 -1.020526e-12 
8.171219e-02 -1.583495e-12 0.000000e+00 -9.440559e-13 
8.141290e-02 -1.811437e-12 0.000000e+00 -8.513784e-13 
8.111270e-02 -2.031451e-12 0.000000e+00 -7.429801e-13 
8.081156e-02 -2.242538e-12 0.000000e+00 -6.194198e-13 
8.050950e-02 -2.443746e-12 0.000000e+00 -4.813246e-13 
8.020652e-02 -2.634176e-12 0.000000e+00 -3.293869e-13 
7.990261e-02 -2.812988e-12 0.000000e+00 -1.643600e-13 
7.959777e-02 -2.979398e-12 0.000000e+00 1.294570e-14 
7.929200e-02 -3.132689e-12 0.000000e+00 2.016672e-13 
7.898530e-02 -3.272209e-12 0.000000e+00 4.008935e-13 
7.867767e-02 -3.397373e-12 0.000000e+00 6.096701e-13 
7.836911e-02 -3.507670e-12 0.000000e+00 8.270044e-13 
7.805962e-02 -3.602659e-12 0.000000e+00 1.051870e-12 
7.774919e-02 -3.681974e-12 0.000000e+00 1.283213e-12 
7.743783e-02 -3.745325e-12 0.000000e+00 1.519956e-12 
7.712554e-02 -3.792496e-12 0.000000e+00 1.761004e-12 
7.681231e-02 -3.823349e-12 0.000000e+00 2.005249e-12 
7.649814e-02 -3.837821e-12 0.000000e+00 2.251577e-12 
7.618303e-02 -3.835924e-12 0.000000e+00 2.498871e-12 
7.586699e-02 -3.817746e-12 0.000000e+00 2.746018e-12 
7.555001e-02 -3.783448e-12 0.000000e+00 2.991914e-12 
7.523209e-02 -3.733265e-12 0.000000e+00 3.235467e-12 
7.491323e-02 -3.667499e-12 0.000000e+00 3.475606e-12 
7.459343e-02 -3.586523e-12 0.000000e+00 3.711280e-12 
7.427268e-02 -3.490777e-12 0.000000e+00 3.941470e-12 
7.395100e-02 -3.380761e-12 0.000000e+00 4.165184e-12 
7.362837e-02 -3.257038e-12 0.000000e+00 4.381472e-12 
7.330479e-02 -3.120229e-12 0.000000e+00 4.589421e-12 
7.298027e-02 -2.971005e-12 0.000000e+00 4.788163e-12 
7.265481e-02 -2.810092e-12 0.000000e+00 4.976880e-12 
7.232839e-02 -2.638260e-12 0.000000e+00 5.154802e-12 
7.200103e-02 -2.456321e-12 0.000000e+00 5.321214e-12 
7.167272e-02 -2.265126e-12 0.000000e+00 5.475460e-12 
7.134346e-02 -2.065562e-12 0.000000e+00 5.616940e-12 
7.101326e-02 -1.858542e-12 0.000000e+00 5.745117e-12 
7.068210e-02 -1.645009e-12 0.000000e+00 5.859517e-12 
7.034999e-02 -1.425924e-12 0.000000e+00 5.959730e-12 
7.001692e-02 -1.202264e-12 0.000000e+00 6.045412e-12 
6.968291e-02 -9.750194e-13 0.000000e+00 6.116285e-12 
6.934794e-02 -7.451878e-13 0.000000e+00 6.172139e-12 
6.901201e-02 -5.137689e-13 0.000000e+00 6.212830e-12 
6.867514e-02 -2.817613e-13 0.000000e+00 6.238283e-12 
6.833730e-02 -5.015739e-14 0.000000e+00 6.248488e-12 
6.799851e-02 1.800608e-13 0.000000e+00 6.243502e-12 
6.765876e-02 4.079255e-13 0.000000e+00 6.223446e-12 
6.731805e-02 6.324880e-13 0.000000e+00 6.188507e-12 
6.697638e-02 8.528218e-13 0.000000e+00 6.138933e-12 
6.663376e-02 1.068027e-12 0.000000e+00 6.075031e-12 
6.629017e-02 1.277233e-12 0.000000e+00 5.997170e-12 
6.594562e-02 1.479603e-12 0.000000e+00 5.905772e-12 
6.560011e-02 1.674338e-12 0.000000e+00 5.801314e-12 
6.525363e-02 1.860676e-12 0.000000e+00 5.684325e-12 
6.490620e-02 2.037900e-12 0.000000e+00 5.555380e-12 
6.455779e-02 2.205337e-12 0.000000e+00 5.415101e-12 
6.420843e-02 2.362360e-12 0.000000e+00 5.264150e-12 
6.385809e-02 2.508395e-12 0.000000e+00 5.103230e-12 
6.350680e-02 2.642917e-12 0.000000e+00 4.933076e-12 
6.315453e-02 2.765452e-12 0.000000e+00 4.754457e-12 
6.280130e-02 2.875584e-12 0.000000e+00 4.568168e-12 
6.244709e-02 2.972951e-12 0.000000e+00 4.375030e-12 
6.209192e-02 3.057247e-12 0.000000e+00 4.175882e-12 
6.173578e-02 3.128221e-12 0.000000e+00 3.971581e-12 
6.137867e-02 3.185683e-12 0.000000e+00 3.762996e-12 
6.102058e-02 3.229497e-12 0.000000e+00 3.551005e-12 
6.066152e-02 3.259584e-12 0.000000e+00 3.336490e-12 
6.030149e-02 3.275924e-12 0.000000e+00 3.120336e-12 
5.994049e-02 3.278551e-12 0.000000e+00 2.903424e-12 
5.957851e-02 3.267553e-12 0.000000e+00 2.686628e-12 
5.921556e-02 3.243073e-12 0.000000e+00 2.470816e-12 
5.885163e-02 3.205308e-12 0.000000e+00 2.256838e-12 
5.848673e-02 3.154504e-12 0.000000e+00 2.045530e-12 
5.812085e-02 3.090955e-12 0.000000e+00 1.837709e-12 
5.775399e-02 3.015006e-12 0.000000e+00 1.634166e-12 
5.738615e-02 2.927045e-12 0.000000e+00 1.435670e-12 
5.701733e-02 2.827502e-12 0.000000e+00 1.242957e-12 
5.664754e-02 2.716849e-12 0.000000e+00 1.056736e-12 
5.627676e-02 2.595596e-12 0.000000e+00 8.776791e-13 
5.590500e-02 2.464289e-12 0.000000e+00 7.064239e-13 
5.553226e-02 2.323506e-12 0.000000e+00 5.435694e-13 
5.515853e-02 2.173853e-12 0.000000e+00 3.896748e-13 
5.478383e-02 2.015967e-12 0.000000e+00 2.452576e-13 
5.440814e-02 1.850506e-12 0.000000e+00 1.107922e-13 
5.403146e-02 1.678149e-12 0.000000e+00 -1.329135e-14 
5.365380e-02 1.499594e-12 0.000000e+00 -1.266086e-13 
5.327516e-02 1.315555e-12 0.000000e+00 -2.288212e-13 
5.289552e-02 1.126754e-12 0.000000e+00 -3.196380e-13 
5.251490e-02 9.339252e-13 0.000000e+00 -3.988149e-13 
5.213330e-02 7.378070e-13 0.000000e+00 -4.661558e-13 
5.175070e-02 5.391404e-13 0.000000e+00 -5.215119e-13 
5.136711e-02 3.386663e-13 0.000000e+00 -5.647820e-13 
5.098254e-02 1.371222e-13 0.000000e+00 -5.959122e-13 
5.059697e-02 -6.476045e-14 0.000000e+00 -6.148949e-13 
5.021042e-02 -2.662593e-13 0.000000e+00 -6.217685e-13 
4.982287e-02 -4.666633e-13 0.000000e+00 -6.166164e-13 
4.943433e-02 -6.652759e-13 0.000000e+00 -5.995658e-13 
4.904479e-02 -8.614170e-13 0.000000e+00 -5.707864e-13 
4.865426e-02 -1.054426e-12 0.000000e+00 -5.304895e-13 
4.826274e-02 -1.243662e-12 0.000000e+00 -4.789258e-13 
4.787022e-02 -1.428509e-12 0.000000e+00 -4.163844e-13 
4.747671e-02 -1.608376e-12 0.000000e+00 -3.431905e-13 
4.708220e-02 -1.782700e-12 0.000000e+00 -2.597038e-13 
4.668669e-02 -1.950944e-12 0.000000e+00 -1.663166e-13 
4.629019e-02 -2.112604e-12 0.000000e+00 -6.345136e-14 
4.589269e-02 -2.267207e-12 0.000000e+00 4.844112e-14 
4.549419e-02 -2.414312e-12 0.000000e+00 1.688841e-13 
4.509469e-02 -2.553515e-12 0.000000e+00 2.973770e-13 
4.469419e-02 -2.684442e-12 0.000000e+00 4.333980e-13 
4.429269e-02 -2.806760e-12 0.000000e+00 5.764063e-13 
4.389018e-02 -2.920167e-12 0.000000e+00 7.258443e-13 
4.348668e-02 -3.024403e-12 0.000000e+00 8.811403e-13 
4.308217e-02 -3.119241e-12 0.000000e+00 1.041711e-12 
4.267666e-02 -3.204492e-12 0.000000e+00 1.206963e-12 
4.227015e-02 -3.280005e-12 0.000000e+00 1.376297e-12 
4.186263e-02 -3.345666e-12 0.000000e+00 1.549107e-12 
4.145411e-02 -3.401396e-12 0.000000e+00 1.724788e-12 
4.104458e-02 -3.447154e-12 0.000000e+00 1.902732e-12 
4.063405e-02 -3.482933e-12 0.000000e+00 2.082334e-12 
4.022251e-02 -3.508761e-12 0.000000e+00 2.262994e-12 
3.980996e-02 -3.524702e-12 0.000000e+00 2.444118e-12 
3.939641e-02 -3.530851e-12 0.000000e+00 2.625121e-12 
3.898184e-02 -3.527335e-12 0.000000e+00 2.805427e-12 
3.856627e-02 -3.514314e-12 0.000000e+00 2.984475e-12 
3.814969e-02 -3.491976e-12 0.000000e+00 3.161714e-12 
3.773210e-02 -3.460537e-12 0.000000e+00 3.336612e-12 
3.731349e-02 -3.420241e-12 0.000000e+00 3.508655e-12 
3.689388e-02 -3.371359e-12 0.000000e+00 3.677344e-12 
3.647325e-02 -3.314182e-12 0.000000e+00 3.842203e-12 
3.605161e-02 -3.249027e-12 0.000000e+00 4.002777e-12 
3.562896e-02 -3.176230e-12 0.000000e+00 4.158632e-12 
3.520529e-02 -3.096147e-12 0.000000e+00 4.309360e-12 
3.478061e-02 -3.009151e-12 0.000000e+00 4.454575e-12 
3.435492e-02 -2.915631e-12 0.000000e+00 4.593917e-12 
3.392821e-02 -2.815991e-12 0.000000e+00 4.727052e-12 
3.350048e-02 -2.710645e-12 0.000000e+00 4.853672e-12 
3.307174e-02 -2.600019e-12 0.000000e+00 4.973496e-12 
3.264198e-02 -2.484548e-12 0.000000e+00 5.086270e-12 
3.221120e-02 -2.364674e-12 0.000000e+00 5.191767e-12 
3.177940e-02 -2.240844e-12 0.000000e+00 5.289787e-12 
3.134659e-02 -2.113509e-12 0.000000e+00 5.380159e-12 
3.091276e-02 -1.983123e-12 0.000000e+00 5.462736e-12 
3.047790e-02 -1.850139e-12 0.000000e+00 5.537402e-12 
3.004203e-02 -1.715011e-12 0.000000e+00 5.604063e-12 
2.960513e-02 -1.578187e-12 0.000000e+00 5.662655e-12 
2.916722e-02 -1.440116e-12 0.000000e+00 5.713139e-12 
2.872828e-02 -1.301237e-12 0.000000e+00 5.755498e-12 
2.828832e-02 -1.161985e-12 0.000000e+00 5.789743e-12 
2.784733e-02 -1.022787e-12 0.000000e+00 5.815906e-12 
2.740533e-02 -8.840602e-13 0.000000e+00 5.834045e-12 
2.696229e-02 -7.462109e-13 0.000000e+00 5.844236e-12 
2.651824e-02 -6.096351e-13 0.000000e+00 5.846578e-12 
2.607316e-02 -4.747162e-13 0.000000e+00 5.841190e-12 
2.562705e-02 -3.418242e-13 0.000000e+00 5.828210e-12 
2.517992e-02 -2.113152e-13 0.000000e+00 5.807792e-12 
2.473175e-02 -8.353030e-14 0.000000e+00 5.780109e-12 
2.428257e-02 4.120492e-14 0.000000e+00 5.745349e-12 
2.383235e-02 1.625809e-13 0.000000e+00 5.703712e-12 
2.338111e-02 2.803050e-13 0.000000e+00 5.655415e-12 
2.292883e-02 3.941014e-13 0.000000e+00 5.600682e-12 
2.247553e-02 5.037121e-13 0.000000e+00 5.539753e-12 
2.202120e-02 6.088968e-13 0.000000e+00 5.472873e-12 
2.156584e-02 7.094332e-13 0.000000e+00 5.400297e-12 
2.110944e-02 8.051175e-13 0.000000e+00 5.322288e-12 
2.065202e-02 8.957641e-13 0.000000e+00 5.239112e-12 
2.019356e-02 9.812058e-13 0.000000e+00 5.151040e-12 
1.973407e-02 1.061294e-12 0.000000e+00 5.058349e-12 
1.927355e-02 1.135898e-12 0.000000e+00 4.961316e-12 
1.881199e-02 1.204905e-12 0.000000e+00 4.860218e-12 
1.834940e-02 1.268221e-12 0.000000e+00 4.755333e-12 
1.788577e-02 1.325771e-12 0.000000e+00 4.646938e-12 
1.742111e-02 1.377493e-12 0.000000e+00 4.535306e-12 
1.695542e-02 1.423347e-12 0.000000e+00 4.420710e-12 
1.648869e-02 1.463308e-12 0.000000e+00 4.303415e-12 
1.602092e-02 1.497366e-12 0.000000e+00 4.183683e-12 
1.555212e-02 1.525529e-12 0.000000e+00 4.061768e-12 
1.508227e-02 1.547819e-12 0.000000e+00 3.937919e-12 
1.461139e-02 1.564273e-12 0.000000e+00 3.812376e-12 
1.413947e-02 1.574945e-12 0.000000e+00 3.685371e-12 
1.366652e-02 1.579899e-12 0.000000e+00 3.557126e-12 
1.319252e-02 1.579216e-12 0.000000e+00 3.427855e-12 
1.271748e-02 1.572988e-12 0.000000e+00 3.297759e-12 
1.224141e-02 1.561319e-12 0.000000e+00 3.167029e-12 
1.176429e-02 1.544326e-12 0.000000e+00 3.035846e-12 
1.128613e-02 1.522137e-12 0.000000e+00 2.904378e-12 
1.080693e-02 1.494891e-12 0.000000e+00 2.772781e-12 
1.032669e-02 1.462735e-12 0.000000e+00 2.641198e-12 
9.845399e-03 1.425829e-12 0.000000e+00 2.509760e-12 
9.363070e-03 1.384339e-12 0.000000e+00 2.378585e-12 
8.879697e-03 1.338442e-12 0.000000e+00 2.247778e-12 
8.395280e-03 1.288321e-12 0.000000e+00 2.117431e-12 
7.909819e-03 1.234169e-12 0.000000e+00 1.987622e-12 
7.423312e-03 1.176185e-12 0.000000e+00 1.858418e-12 
6.935760e-03 1.114575e-12 0.000000e+00 1.729870e-12 
6.447162e-03 1.049550e-12 0.000000e+00 1.602018e-12 
5.957517e-03 9.813289e-13 0.000000e+00 1.474889e-12 
5.466826e-03 9.101364e-13 0.000000e+00 1.348498e-12 
4.975088e-03 8.362018e-13 0.000000e+00 1.222846e-12 
4.482301e-03 7.597598e-13 0.000000e+00 1.097925e-12 
3.988467e-03 6.810502e-13 0.000000e+00 9.737148e-13 
3.493583e-03 6.003176e-13 0.000000e+00 8.501851e-13 
2.997651e-03 5.178110e-13 0.000000e+00 7.272972e-13 
2.500669e-03 4.337840e-13 0.000000e+00 6.050031e-13 
2.002637e-03 3.484940e-13 0.000000e+00 4.832456e-13 
1.503554e-03 2.622029e-13 0.000000e+00 3.619562e-13 
1.003421e-03 1.751762e-13 0.000000e+00 2.410518e-13 
5.022364e-04 8.768385e-14 0.000000e+00 1.204342e-13 
0.000000e+00 0.000000e+00 0.000000e+00 0.000000e+00 
