time=150.000000
u1[0] u1[1] u2[0] u2[1]n1.381786e-01 0.000000e+00 0.000000e+00 0.000000e+00 
1.381786e-01 2.987803e-12 0.000000e+00 -8.732055e-13 
1.381787e-01 5.979879e-12 0.000000e+00 -1.735488e-12 
1.381790e-01 8.972216e-12 0.000000e+00 -2.593369e-12 
1.381794e-01 1.196395e-11 0.000000e+00 -3.449053e-12 
1.381799e-01 1.495454e-11 0.000000e+00 -4.303554e-12 
1.381805e-01 1.794353e-11 0.000000e+00 -5.157454e-12 
1.381812e-01 2.093056e-11 0.000000e+00 -6.011136e-12 
1.381820e-01 2.391526e-11 0.000000e+00 -6.864865e-12 
1.381830e-01 2.689733e-11 0.000000e+00 -7.718837e-12 
1.381840e-01 2.987646e-11 0.000000e+00 -8.573205e-12 
1.381852e-01 3.285235e-11 0.000000e+00 -9.428085e-12 
1.381865e-01 3.582472e-11 0.000000e+00 -1.028358e-11 
1.381878e-01 3.879328e-11 0.000000e+00 -1.113976e-11 
1.381893e-01 4.175777e-11 0.000000e+00 -1.199669e-11 
1.381909e-01 4.471791e-11 0.000000e+00 -1.285443e-11 
1.381927e-01 4.767344e-11 0.000000e+00 -1.371303e-11 
1.381945e-01 5.062410e-11 0.000000e+00 -1.457252e-11 
1.381964e-01 5.356962e-11 0.000000e+00 -1.543294e-11 
1.381985e-01 5.650975e-11 0.000000e+00 -1.629432e-11 
1.382006e-01 5.944423e-11 0.000000e+00 -1.715667e-11 
1.382029e-01 6.237282e-11 0.000000e+00 -1.802003e-11 
1.382053e-01 6.529526e-11 0.000000e+00 -1.888440e-11 
1.382078e-01 6.821131e-11 0.000000e+00 -1.974979e-11 
1.382103e-01 7.112072e-11 0.000000e+00 -2.061623e-11 
1.382130e-01 7.402324e-11 0.000000e+00 -2.148372e-11 
1.382159e-01 7.691864e-11 0.000000e+00 -2.235225e-11 
1.382188e-01 7.980668e-11 0.000000e+00 -2.322185e-11 
1.382218e-01 8.268711e-11 0.000000e+00 -2.409251e-11 
1.382249e-01 8.555971e-11 0.000000e+00 -2.496422e-11 
1.382282e-01 8.842422e-11 0.000000e+00 -2.583700e-11 
1.382315e-01 9.128043e-11 0.000000e+00 -2.671084e-11 
1.382350e-01 9.412809e-11 0.000000e+00 -2.758573e-11 
1.382385e-01 9.696698e-11 0.000000e+00 -2.846168e-11 
1.382422e-01 9.979686e-11 0.000000e+00 -2.933868e-11 
1.382460e-01 1.026175e-10 0.000000e+00 -3.021672e-11 
1.382499e-01 1.054287e-10 0.000000e+00 -3.109580e-11 
1.382539e-01 1.082301e-10 0.000000e+00 -3.197591e-11 
1.382580e-01 1.110217e-10 0.000000e+00 -3.285704e-11 
1.382622e-01 1.138031e-10 0.000000e+00 -3.373918e-11 
1.382665e-01 1.165741e-10 0.000000e+00 -3.462234e-11 
1.382709e-01 1.193345e-10 0.000000e+00 -3.550649e-11 
1.382754e-01 1.220840e-10 0.000000e+00 -3.639162e-11 
1.382800e-01 1.248225e-10 0.000000e+00 -3.727774e-11 
1.382847e-01 1.275497e-10 0.000000e+00 -3.816482e-11 
1.382896e-01 1.302654e-10 0.000000e+00 -3.905286e-11 
1.382945e-01 1.329693e-10 0.000000e+00 -3.994185e-11 
1.382995e-01 1.356613e-10 0.000000e+00 -4.083177e-11 
1.383046e-01 1.383410e-10 0.000000e+00 -4.172260e-11 
1.383099e-01 1.410084e-10 0.000000e+00 -4.261435e-11 
1.383152e-01 1.436631e-10 0.000000e+00 -4.350699e-11 
1.383206e-01 1.463050e-10 0.000000e+00 -4.440051e-11 
1.383262e-01 1.489337e-10 0.000000e+00 -4.529490e-11 
1.383318e-01 1.515492e-10 0.000000e+00 -4.619014e-11 
1.383375e-01 1.541511e-10 0.000000e+00 -4.708622e-11 
1.383434e-01 1.567392e-10 0.000000e+00 -4.798311e-11 
1.383493e-01 1.593134e-10 0.000000e+00 -4.888082e-11 
1.383553e-01 1.618733e-10 0.000000e+00 -4.977931e-11 
1.383615e-01 1.644188e-10 0.000000e+00 -5.067858e-11 
1.383677e-01 1.669497e-10 0.000000e+00 -5.157860e-11 
1.383740e-01 1.694657e-10 0.000000e+00 -5.247936e-11 
1.383804e-01 1.719667e-10 0.000000e+00 -5.338083e-11 
1.383870e-01 1.744523e-10 0.000000e+00 -5.428301e-11 
1.383936e-01 1.769223e-10 0.000000e+00 -5.518587e-11 
1.384003e-01 1.793767e-10 0.000000e+00 -5.608938e-11 
1.384071e-01 1.818150e-10 0.000000e+00 -5.699354e-11 
1.384140e-01 1.842372e-10 0.000000e+00 -5.789831e-11 
1.384210e-01 1.866429e-10 0.000000e+00 -5.880368e-11 
1.384280e-01 1.890321e-10 0.000000e+00 -5.970963e-11 
1.384352e-01 1.914043e-10 0.000000e+00 -6.061612e-11 
1.384425e-01 1.937596e-10 0.000000e+00 -6.152315e-11 
1.384498e-01 1.960975e-10 0.000000e+00 -6.243067e-11 
1.384573e-01 1.984180e-10 0.000000e+00 -6.333868e-11 
1.384648e-01 2.007207e-10 0.000000e+00 -6.424714e-11 
1.384724e-01 2.030055e-10 0.000000e+00 -6.515603e-11 
1.384802e-01 2.052722e-10 0.000000e+00 -6.606531e-11 
1.384880e-01 2.075206e-10 0.000000e+00 -6.697497e-11 
1.384958e-01 2.097503e-10 0.000000e+00 -6.788498e-11 
1.385038e-01 2.119613e-10 0.000000e+00 -6.879530e-11 
1.385119e-01 2.141534e-10 0.000000e+00 -6.970591e-11 
1.385200e-01 2.163262e-10 0.000000e+00 -7.061677e-11 
1.385283e-01 2.184796e-10 0.000000e+00 -7.152786e-11 
1.385366e-01 2.206134e-10 0.000000e+00 -7.243914e-11 
1.385450e-01 2.227273e-10 0.000000e+00 -7.335058e-11 
1.385535e-01 2.248213e-10 0.000000e+00 -7.426215e-11 
1.385620e-01 2.268950e-10 0.000000e+00 -7.517382e-11 
1.385707e-01 2.289482e-10 0.000000e+00 -7.608554e-11 
1.385794e-01 2.309808e-10 0.000000e+00 -7.699728e-11 
1.385882e-01 2.329926e-10 0.000000e+00 -7.790901e-11 
1.385971e-01 2.349832e-10 0.000000e+00 -7.882069e-11 
1.386061e-01 2.369526e-10 0.000000e+00 -7.973228e-11 
1.386152e-01 2.389006e-10 0.000000e+00 -8.064374e-11 
1.386243e-01 2.408269e-10 0.000000e+00 -8.155503e-11 
1.386335e-01 2.427313e-10 0.000000e+00 -8.246611e-11 
1.386428e-01 2.446136e-10 0.000000e+00 -8.337694e-11 
1.386521e-01 2.464737e-10 0.000000e+00 -8.428748e-11 
1.386615e-01 2.483113e-10 0.000000e+00 -8.519767e-11 
1.386711e-01 2.501263e-10 0.000000e+00 -8.610749e-11 
1.386806e-01 2.519184e-10 0.000000e+00 -8.701687e-11 
1.386903e-01 2.536875e-10 0.000000e+00 -8.792578e-11 
1.387000e-01 2.554333e-10 0.000000e+00 -8.883416e-11 
1.387098e-01 2.571558e-10 0.000000e+00 -8.974197e-11 
1.387196e-01 2.588545e-10 0.000000e+00 -9.064916e-11 
1.387296e-01 2.605295e-10 0.000000e+00 -9.155568e-11 
1.387396e-01 2.621805e-10 0.000000e+00 -9.246147e-11 
1.387496e-01 2.638073e-10 0.000000e+00 -9.336649e-11 
1.387598e-01 2.654098e-10 0.000000e+00 -9.427068e-11 
1.387700e-01 2.669876e-10 0.000000e+00 -9.517397e-11 
1.387802e-01 2.685408e-10 0.000000e+00 -9.607633e-11 
1.387906e-01 2.700691e-10 0.000000e+00 -9.697769e-11 
1.388010e-01 2.715722e-10 0.000000e+00 -9.787799e-11 
1.388114e-01 2.730501e-10 0.000000e+00 -9.877717e-11 
1.388219e-01 2.745025e-10 0.000000e+00 -9.967517e-11 
1.388325e-01 2.759294e-10 0.000000e+00 -1.005719e-10 
1.388431e-01 2.773304e-10 0.000000e+00 -1.014674e-10 
1.388538e-01 2.787054e-10 0.000000e+00 -1.023615e-10 
1.388646e-01 2.800544e-10 0.000000e+00 -1.032541e-10 
1.388754e-01 2.813770e-10 0.000000e+00 -1.041453e-10 
1.388863e-01 2.826732e-10 0.000000e+00 -1.050349e-10 
1.388972e-01 2.839427e-10 0.000000e+00 -1.059229e-10 
1.389082e-01 2.851854e-10 0.000000e+00 -1.068091e-10 
1.389192e-01 2.864012e-10 0.000000e+00 -1.076936e-10 
1.389303e-01 2.875898e-10 0.000000e+00 -1.085762e-10 
1.389414e-01 2.887512e-10 0.000000e+00 -1.094569e-10 
1.389526e-01 2.898852e-10 0.000000e+00 -1.103356e-10 
1.389638e-01 2.909916e-10 0.000000e+00 -1.112122e-10 
1.389751e-01 2.920702e-10 0.000000e+00 -1.120866e-10 
1.389865e-01 2.931210e-10 0.000000e+00 -1.129589e-10 
1.389978e-01 2.941438e-10 0.000000e+00 -1.138288e-10 
1.390093e-01 2.951383e-10 0.000000e+00 -1.146963e-10 
1.390207e-01 2.961046e-10 0.000000e+00 -1.155613e-10 
1.390323e-01 2.970424e-10 0.000000e+00 -1.164237e-10 
1.390438e-01 2.979517e-10 0.000000e+00 -1.172835e-10 
1.390554e-01 2.988322e-10 0.000000e+00 -1.181406e-10 
1.390670e-01 2.996838e-10 0.000000e+00 -1.189948e-10 
1.390787e-01 3.005065e-10 0.000000e+00 -1.198461e-10 
1.390904e-01 3.013000e-10 0.000000e+00 -1.206944e-10 
1.391022e-01 3.020643e-10 0.000000e+00 -1.215396e-10 
1.391140e-01 3.027993e-10 0.000000e+00 -1.223816e-10 
1.391258e-01 3.035048e-10 0.000000e+00 -1.232203e-10 
1.391377e-01 3.041806e-10 0.000000e+00 -1.240556e-10 
1.391496e-01 3.048268e-10 0.000000e+00 -1.248874e-10 
1.391615e-01 3.054431e-10 0.000000e+00 -1.257156e-10 
1.391735e-01 3.060296e-10 0.000000e+00 -1.265401e-10 
1.391855e-01 3.065859e-10 0.000000e+00 -1.273608e-10 
1.391975e-01 3.071122e-10 0.000000e+00 -1.281776e-10 
1.392095e-01 3.076082e-10 0.000000e+00 -1.289904e-10 
1.392216e-01 3.080738e-10 0.000000e+00 -1.297991e-10 
1.392337e-01 3.085091e-10 0.000000e+00 -1.306035e-10 
1.392458e-01 3.089138e-10 0.000000e+00 -1.314036e-10 
1.392580e-01 3.092879e-10 0.000000e+00 -1.321993e-10 
1.392702e-01 3.096313e-10 0.000000e+00 -1.329904e-10 
1.392824e-01 3.099439e-10 0.000000e+00 -1.337768e-10 
1.392946e-01 3.102258e-10 0.000000e+00 -1.345585e-10 
1.393068e-01 3.104766e-10 0.000000e+00 -1.353352e-10 
1.393191e-01 3.106965e-10 0.000000e+00 -1.361069e-10 
1.393313e-01 3.108854e-10 0.000000e+00 -1.368734e-10 
1.393436e-01 3.110431e-10 0.000000e+00 -1.376347e-10 
1.393559e-01 3.111697e-10 0.000000e+00 -1.383906e-10 
1.393682e-01 3.112650e-10 0.000000e+00 -1.391409e-10 
1.393806e-01 3.113290e-10 0.000000e+00 -1.398856e-10 
1.393929e-01 3.113617e-10 0.000000e+00 -1.406246e-10 
1.394052e-01 3.113631e-10 0.000000e+00 -1.413576e-10 
1.394176e-01 3.113330e-10 0.000000e+00 -1.420846e-10 
1.394300e-01 3.112715e-10 0.000000e+00 -1.428055e-10 
1.394423e-01 3.111784e-10 0.000000e+00 -1.435200e-10 
1.394547e-01 3.110539e-10 0.000000e+00 -1.442281e-10 
1.394671e-01 3.108979e-10 0.000000e+00 -1.449297e-10 
1.394795e-01 3.107103e-10 0.000000e+00 -1.456245e-10 
1.394918e-01 3.104911e-10 0.000000e+00 -1.463125e-10 
1.395042e-01 3.102404e-10 0.000000e+00 -1.469936e-10 
1.395166e-01 3.099581e-10 0.000000e+00 -1.476675e-10 
1.395290e-01 3.096442e-10 0.000000e+00 -1.483341e-10 
1.395414e-01 3.092988e-10 0.000000e+00 -1.489934e-10 
1.395537e-01 3.089217e-10 0.000000e+00 -1.496451e-10 
1.395661e-01 3.085131e-10 0.000000e+00 -1.502891e-10 
1.395784e-01 3.080730e-10 0.000000e+00 -1.509252e-10 
1.395908e-01 3.076014e-10 0.000000e+00 -1.515534e-10 
1.396031e-01 3.070983e-10 0.000000e+00 -1.521735e-10 
1.396155e-01 3.065637e-10 0.000000e+00 -1.527853e-10 
1.396278e-01 3.059977e-10 0.000000e+00 -1.533886e-10 
1.396401e-01 3.054003e-10 0.000000e+00 -1.539833e-10 
1.396524e-01 3.047716e-10 0.000000e+00 -1.545694e-10 
1.396646e-01 3.041116e-10 0.000000e+00 -1.551465e-10 
1.396769e-01 3.034204e-10 0.000000e+00 -1.557146e-10 
1.396891e-01 3.026981e-10 0.000000e+00 -1.562735e-10 
1.397013e-01 3.019446e-10 0.000000e+00 -1.568230e-10 
1.397135e-01 3.011602e-10 0.000000e+00 -1.573630e-10 
1.397257e-01 3.003448e-10 0.000000e+00 -1.578934e-10 
1.397378e-01 2.994986e-10 0.000000e+00 -1.584139e-10 
1.397499e-01 2.986216e-10 0.000000e+00 -1.589245e-10 
1.397620e-01 2.977139e-10 0.000000e+00 -1.594249e-10 
1.397741e-01 2.967757e-10 0.000000e+00 -1.599151e-10 
1.397861e-01 2.958070e-10 0.000000e+00 -1.603947e-10 
1.397981e-01 2.948080e-10 0.000000e+00 -1.608638e-10 
1.398101e-01 2.937787e-10 0.000000e+00 -1.613220e-10 
1.398220e-01 2.927193e-10 0.000000e+00 -1.617694e-10 
1.398339e-01 2.916300e-10 0.000000e+00 -1.622056e-10 
1.398458e-01 2.905108e-10 0.000000e+00 -1.626306e-10 
1.398576e-01 2.893620e-10 0.000000e+00 -1.630441e-10 
1.398694e-01 2.881836e-10 0.000000e+00 -1.634461e-10 
1.398811e-01 2.869757e-10 0.000000e+00 -1.638363e-10 
1.398928e-01 2.857387e-10 0.000000e+00 -1.642146e-10 
1.399045e-01 2.844726e-10 0.000000e+00 -1.645809e-10 
1.399161e-01 2.831776e-10 0.000000e+00 -1.649349e-10 
1.399277e-01 2.818539e-10 0.000000e+00 -1.652765e-10 
1.399392e-01 2.805016e-10 0.000000e+00 -1.656056e-10 
1.399507e-01 2.791210e-10 0.000000e+00 -1.659219e-10 
1.399621e-01 2.777123e-10 0.000000e+00 -1.662254e-10 
1.399735e-01 2.762756e-10 0.000000e+00 -1.665159e-10 
1.399848e-01 2.748112e-10 0.000000e+00 -1.667931e-10 
1.399960e-01 2.733193e-10 0.000000e+00 -1.670570e-10 
1.400072e-01 2.718001e-10 0.000000e+00 -1.673074e-10 
1.400184e-01 2.702538e-10 0.000000e+00 -1.675442e-10 
1.400295e-01 2.686806e-10 0.000000e+00 -1.677671e-10 
1.400405e-01 2.670809e-10 0.000000e+00 -1.679760e-10 
1.400514e-01 2.654549e-10 0.000000e+00 -1.681708e-10 
1.400623e-01 2.638028e-10 0.000000e+00 -1.683513e-10 
1.400732e-01 2.621248e-10 0.000000e+00 -1.685173e-10 
1.400839e-01 2.604213e-10 0.000000e+00 -1.686688e-10 
1.400946e-01 2.586925e-10 0.000000e+00 -1.688056e-10 
1.401053e-01 2.569387e-10 0.000000e+00 -1.689274e-10 
1.401158e-01 2.551602e-10 0.000000e+00 -1.690342e-10 
1.401263e-01 2.533573e-10 0.000000e+00 -1.691258e-10 
1.401367e-01 2.515303e-10 0.000000e+00 -1.692021e-10 
1.401470e-01 2.496794e-10 0.000000e+00 -1.692629e-10 
1.401573e-01 2.478050e-10 0.000000e+00 -1.693081e-10 
1.401675e-01 2.459075e-10 0.000000e+00 -1.693376e-10 
1.401776e-01 2.439871e-10 0.000000e+00 -1.693512e-10 
1.401876e-01 2.420442e-10 0.000000e+00 -1.693487e-10 
1.401975e-01 2.400791e-10 0.000000e+00 -1.693301e-10 
1.402074e-01 2.380922e-10 0.000000e+00 -1.692953e-10 
1.402171e-01 2.360837e-10 0.000000e+00 -1.692440e-10 
1.402268e-01 2.340542e-10 0.000000e+00 -1.691761e-10 
1.402364e-01 2.320039e-10 0.000000e+00 -1.690916e-10 
1.402459e-01 2.299332e-10 0.000000e+00 -1.689904e-10 
1.402553e-01 2.278425e-10 0.000000e+00 -1.688722e-10 
1.402646e-01 2.257322e-10 0.000000e+00 -1.687370e-10 
1.402738e-01 2.236026e-10 0.000000e+00 -1.685847e-10 
1.402829e-01 2.214542e-10 0.000000e+00 -1.684151e-10 
1.402919e-01 2.192874e-10 0.000000e+00 -1.682282e-10 
1.403008e-01 2.171025e-10 0.000000e+00 -1.680239e-10 
1.403096e-01 2.149000e-10 0.000000e+00 -1.678020e-10 
1.403183e-01 2.126803e-10 0.000000e+00 -1.675624e-10 
1.403269e-01 2.104438e-10 0.000000e+00 -1.673051e-10 
1.403354e-01 2.081910e-10 0.000000e+00 -1.670301e-10 
1.403438e-01 2.059224e-10 0.000000e+00 -1.667370e-10 
1.403521e-01 2.036382e-10 0.000000e+00 -1.664260e-10 
1.403602e-01 2.013391e-10 0.000000e+00 -1.660970e-10 
1.403683e-01 1.990254e-10 0.000000e+00 -1.657497e-10 
1.403762e-01 1.966976e-10 0.000000e+00 -1.653843e-10 
1.403841e-01 1.943562e-10 0.000000e+00 -1.650006e-10 
1.403918e-01 1.920016e-10 0.000000e+00 -1.645985e-10 
1.403993e-01 1.896344e-10 0.000000e+00 -1.641781e-10 
1.404068e-01 1.872550e-10 0.000000e+00 -1.637392e-10 
1.404141e-01 1.848639e-10 0.000000e+00 -1.632818e-10 
1.404214e-01 1.824615e-10 0.000000e+00 -1.628058e-10 
1.404285e-01 1.800485e-10 0.000000e+00 -1.623113e-10 
1.404354e-01 1.776252e-10 0.000000e+00 -1.617981e-10 
1.404423e-01 1.751923e-10 0.000000e+00 -1.612663e-10 
1.404490e-01 1.727501e-10 0.000000e+00 -1.607158e-10 
1.404555e-01 1.702993e-10 0.000000e+00 -1.601466e-10 
1.404620e-01 1.678403e-10 0.000000e+00 -1.595587e-10 
1.404683e-01 1.653737e-10 0.000000e+00 -1.589521e-10 
1.404744e-01 1.628999e-10 0.000000e+00 -1.583268e-10 
1.404804e-01 1.604196e-10 0.000000e+00 -1.576827e-10 
1.404863e-01 1.579333e-10 0.000000e+00 -1.570200e-10 
1.404921e-01 1.554414e-10 0.000000e+00 -1.563385e-10 
1.404977e-01 1.529446e-10 0.000000e+00 -1.556384e-10 
1.405031e-01 1.504434e-10 0.000000e+00 -1.549196e-10 
1.405084e-01 1.479383e-10 0.000000e+00 -1.541822e-10 
1.405136e-01 1.454299e-10 0.000000e+00 -1.534262e-10 
1.405186e-01 1.429188e-10 0.000000e+00 -1.526516e-10 
1.405234e-01 1.404055e-10 0.000000e+00 -1.518586e-10 
1.405281e-01 1.378905e-10 0.000000e+00 -1.510471e-10 
1.405327e-01 1.353745e-10 0.000000e+00 -1.502172e-10 
1.405371e-01 1.328580e-10 0.000000e+00 -1.493690e-10 
1.405413e-01 1.303415e-10 0.000000e+00 -1.485025e-10 
1.405453e-01 1.278257e-10 0.000000e+00 -1.476179e-10 
1.405492e-01 1.253110e-10 0.000000e+00 -1.467152e-10 
1.405530e-01 1.227982e-10 0.000000e+00 -1.457946e-10 
1.405566e-01 1.202877e-10 0.000000e+00 -1.448560e-10 
1.405600e-01 1.177802e-10 0.000000e+00 -1.438996e-10 
1.405632e-01 1.152761e-10 0.000000e+00 -1.429256e-10 
1.405663e-01 1.127761e-10 0.000000e+00 -1.419340e-10 
1.405692e-01 1.102808e-10 0.000000e+00 -1.409250e-10 
1.405719e-01 1.077908e-10 0.000000e+00 -1.398987e-10 
1.405744e-01 1.053066e-10 0.000000e+00 -1.388553e-10 
1.405768e-01 1.028287e-10 0.000000e+00 -1.377948e-10 
1.405790e-01 1.003579e-10 0.000000e+00 -1.367175e-10 
1.405810e-01 9.789455e-11 0.000000e+00 -1.356234e-10 
1.405828e-01 9.543938e-11 0.000000e+00 -1.345129e-10 
1.405844e-01 9.299293e-11 0.000000e+00 -1.333860e-10 
1.405859e-01 9.055576e-11 0.000000e+00 -1.322429e-10 
1.405871e-01 8.812845e-11 0.000000e+00 -1.310838e-10 
1.405882e-01 8.571158e-11 0.000000e+00 -1.299089e-10 
1.405891e-01 8.330572e-11 0.000000e+00 -1.287185e-10 
1.405898e-01 8.091143e-11 0.000000e+00 -1.275126e-10 
1.405903e-01 7.852929e-11 0.000000e+00 -1.262916e-10 
1.405906e-01 7.615985e-11 0.000000e+00 -1.250556e-10 
1.405907e-01 7.380369e-11 0.000000e+00 -1.238050e-10 
1.405906e-01 7.146136e-11 0.000000e+00 -1.225398e-10 
1.405903e-01 6.913341e-11 0.000000e+00 -1.212604e-10 
1.405898e-01 6.682041e-11 0.000000e+00 -1.199671e-10 
1.405891e-01 6.452289e-11 0.000000e+00 -1.186600e-10 
1.405882e-01 6.224141e-11 0.000000e+00 -1.173394e-10 
1.405870e-01 5.997651e-11 0.000000e+00 -1.160057e-10 
1.405857e-01 5.772873e-11 0.000000e+00 -1.146590e-10 
1.405841e-01 5.549860e-11 0.000000e+00 -1.132998e-10 
1.405824e-01 5.328664e-11 0.000000e+00 -1.119281e-10 
1.405804e-01 5.109339e-11 0.000000e+00 -1.105445e-10 
1.405782e-01 4.891936e-11 0.000000e+00 -1.091491e-10 
1.405758e-01 4.676506e-11 0.000000e+00 -1.077423e-10 
1.405732e-01 4.463100e-11 0.000000e+00 -1.063244e-10 
1.405703e-01 4.251768e-11 0.000000e+00 -1.048958e-10 
1.405672e-01 4.042560e-11 0.000000e+00 -1.034566e-10 
1.405639e-01 3.835525e-11 0.000000e+00 -1.020074e-10 
1.405604e-01 3.630711e-11 0.000000e+00 -1.005484e-10 
1.405566e-01 3.428165e-11 0.000000e+00 -9.908006e-11 
1.405526e-01 3.227935e-11 0.000000e+00 -9.760261e-11 
1.405484e-01 3.030066e-11 0.000000e+00 -9.611648e-11 
1.405439e-01 2.834604e-11 0.000000e+00 -9.462202e-11 
1.405392e-01 2.641593e-11 0.000000e+00 -9.311960e-11 
1.405343e-01 2.451078e-11 0.000000e+00 -9.160962e-11 
1.405291e-01 2.263101e-11 0.000000e+00 -9.009245e-11 
1.405236e-01 2.077704e-11 0.000000e+00 -8.856849e-11 
1.405180e-01 1.894929e-11 0.000000e+00 -8.703812e-11 
1.405121e-01 1.714815e-11 0.000000e+00 -8.550176e-11 
1.405059e-01 1.537403e-11 0.000000e+00 -8.395981e-11 
1.404995e-01 1.362732e-11 0.000000e+00 -8.241267e-11 
1.404928e-01 1.190837e-11 0.000000e+00 -8.086077e-11 
1.404859e-01 1.021757e-11 0.000000e+00 -7.930452e-11 
1.404787e-01 8.555266e-12 0.000000e+00 -7.774435e-11 
1.404713e-01 6.921804e-12 0.000000e+00 -7.618069e-11 
1.404636e-01 5.317522e-12 0.000000e+00 -7.461398e-11 
1.404557e-01 3.742744e-12 0.000000e+00 -7.304464e-11 
1.404475e-01 2.197784e-12 0.000000e+00 -7.147313e-11 
1.404390e-01 6.829460e-13 0.000000e+00 -6.989988e-11 
1.404303e-01 -8.014785e-13 0.000000e+00 -6.832535e-11 
1.404213e-01 -2.255208e-12 0.000000e+00 -6.674998e-11 
1.404120e-01 -3.677974e-12 0.000000e+00 -6.517424e-11 
1.404025e-01 -5.069519e-12 0.000000e+00 -6.359858e-11 
1.403927e-01 -6.429595e-12 0.000000e+00 -6.202346e-11 
1.403826e-01 -7.757971e-12 0.000000e+00 -6.044934e-11 
1.403722e-01 -9.054423e-12 0.000000e+00 -5.887670e-11 
1.403616e-01 -1.031874e-11 0.000000e+00 -5.730599e-11 
1.403507e-01 -1.155073e-11 0.000000e+00 -5.573770e-11 
1.403395e-01 -1.275021e-11 0.000000e+00 -5.417228e-11 
1.403280e-01 -1.391700e-11 0.000000e+00 -5.261022e-11 
1.403162e-01 -1.505094e-11 0.000000e+00 -5.105199e-11 
1.403042e-01 -1.615190e-11 0.000000e+00 -4.949807e-11 
1.402918e-01 -1.721973e-11 0.000000e+00 -4.794892e-11 
1.402792e-01 -1.825432e-11 0.000000e+00 -4.640504e-11 
1.402663e-01 -1.925557e-11 0.000000e+00 -4.486689e-11 
1.402530e-01 -2.022337e-11 0.000000e+00 -4.333496e-11 
1.402395e-01 -2.115765e-11 0.000000e+00 -4.180973e-11 
1.402257e-01 -2.205835e-11 0.000000e+00 -4.029166e-11 
1.402116e-01 -2.292541e-11 0.000000e+00 -3.878125e-11 
1.401972e-01 -2.375880e-11 0.000000e+00 -3.727896e-11 
1.401825e-01 -2.455849e-11 0.000000e+00 -3.578528e-11 
1.401675e-01 -2.532447e-11 0.000000e+00 -3.430068e-11 
1.401521e-01 -2.605675e-11 0.000000e+00 -3.282562e-11 
1.401365e-01 -2.675534e-11 0.000000e+00 -3.136059e-11 
1.401206e-01 -2.742028e-11 0.000000e+00 -2.990606e-11 
1.401043e-01 -2.805160e-11 0.000000e+00 -2.846248e-11 
1.400877e-01 -2.864938e-11 0.000000e+00 -2.703033e-11 
1.400708e-01 -2.921369e-11 0.000000e+00 -2.561007e-11 
1.400536e-01 -2.974461e-11 0.000000e+00 -2.420215e-11 
1.400361e-01 -3.024226e-11 0.000000e+00 -2.280704e-11 
1.400183e-01 -3.070673e-11 0.000000e+00 -2.142519e-11 
1.400001e-01 -3.113818e-11 0.000000e+00 -2.005704e-11 
1.399816e-01 -3.153673e-11 0.000000e+00 -1.870305e-11 
1.399628e-01 -3.190256e-11 0.000000e+00 -1.736365e-11 
1.399437e-01 -3.223583e-11 0.000000e+00 -1.603929e-11 
1.399242e-01 -3.253674e-11 0.000000e+00 -1.473038e-11 
1.399044e-01 -3.280548e-11 0.000000e+00 -1.343737e-11 
1.398843e-01 -3.304227e-11 0.000000e+00 -1.216067e-11 
1.398638e-01 -3.324734e-11 0.000000e+00 -1.090069e-11 
1.398430e-01 -3.342093e-11 0.000000e+00 -9.657859e-12 
1.398218e-01 -3.356331e-11 0.000000e+00 -8.432570e-12 
1.398003e-01 -3.367473e-11 0.000000e+00 -7.225224e-12 
1.397785e-01 -3.375549e-11 0.000000e+00 -6.036214e-12 
1.397563e-01 -3.380587e-11 0.000000e+00 -4.865925e-12 
1.397338e-01 -3.382620e-11 0.000000e+00 -3.714736e-12 
1.397109e-01 -3.381680e-11 0.000000e+00 -2.583018e-12 
1.396877e-01 -3.377800e-11 0.000000e+00 -1.471136e-12 
1.396642e-01 -3.371015e-11 0.000000e+00 -3.794455e-13 
1.396402e-01 -3.361362e-11 0.000000e+00 6.917045e-13 
1.396159e-01 -3.348878e-11 0.000000e+00 1.741974e-12 
1.395913e-01 -3.333601e-11 0.000000e+00 2.771030e-12 
1.395663e-01 -3.315572e-11 0.000000e+00 3.778550e-12 
1.395410e-01 -3.294833e-11 0.000000e+00 4.764219e-12 
1.395153e-01 -3.271424e-11 0.000000e+00 5.727731e-12 
1.394892e-01 -3.245391e-11 0.000000e+00 6.668789e-12 
1.394627e-01 -3.216776e-11 0.000000e+00 7.587108e-12 
1.394359e-01 -3.185628e-11 0.000000e+00 8.482408e-12 
1.394087e-01 -3.151991e-11 0.000000e+00 9.354423e-12 
1.393812e-01 -3.115915e-11 0.000000e+00 1.020290e-11 
1.393533e-01 -3.077448e-11 0.000000e+00 1.102758e-11 
1.393250e-01 -3.036640e-11 0.000000e+00 1.182823e-11 
1.392963e-01 -2.993542e-11 0.000000e+00 1.260464e-11 
1.392672e-01 -2.948207e-11 0.000000e+00 1.335657e-11 
1.392378e-01 -2.900688e-11 0.000000e+00 1.408383e-11 
1.392080e-01 -2.851038e-11 0.000000e+00 1.478622e-11 
1.391778e-01 -2.799312e-11 0.000000e+00 1.546357e-11 
1.391472e-01 -2.745566e-11 0.000000e+00 1.611569e-11 
1.391162e-01 -2.689857e-11 0.000000e+00 1.674244e-11 
1.390848e-01 -2.632241e-11 0.000000e+00 1.734366e-11 
1.390531e-01 -2.572778e-11 0.000000e+00 1.791922e-11 
1.390209e-01 -2.511526e-11 0.000000e+00 1.846900e-11 
1.389884e-01 -2.448544e-11 0.000000e+00 1.899288e-11 
1.389555e-01 -2.383893e-11 0.000000e+00 1.949077e-11 
1.389221e-01 -2.317634e-11 0.000000e+00 1.996257e-11 
1.388884e-01 -2.249829e-11 0.000000e+00 2.040822e-11 
1.388543e-01 -2.180539e-11 0.000000e+00 2.082766e-11 
1.388197e-01 -2.109828e-11 0.000000e+00 2.122082e-11 
1.387848e-01 -2.037758e-11 0.000000e+00 2.158769e-11 
1.387494e-01 -1.964393e-11 0.000000e+00 2.192823e-11 
1.387137e-01 -1.889798e-11 0.000000e+00 2.224243e-11 
1.386775e-01 -1.814038e-11 0.000000e+00 2.253031e-11 
1.386409e-01 -1.737176e-11 0.000000e+00 2.279186e-11 
1.386039e-01 -1.659279e-11 0.000000e+00 2.302712e-11 
1.385665e-01 -1.580412e-11 0.000000e+00 2.323614e-11 
1.385287e-01 -1.500640e-11 0.000000e+00 2.341897e-11 
1.384904e-01 -1.420031e-11 0.000000e+00 2.357567e-11 
1.384518e-01 -1.338650e-11 0.000000e+00 2.370633e-11 
1.384127e-01 -1.256564e-11 0.000000e+00 2.381104e-11 
1.383732e-01 -1.173840e-11 0.000000e+00 2.388990e-11 
1.383332e-01 -1.090543e-11 0.000000e+00 2.394305e-11 
1.382928e-01 -1.006741e-11 0.000000e+00 2.397061e-11 
1.382520e-01 -9.225005e-12 0.000000e+00 2.397273e-11 
1.382108e-01 -8.378880e-12 0.000000e+00 2.394957e-11 
1.381691e-01 -7.529700e-12 0.000000e+00 2.390130e-11 
1.381270e-01 -6.678130e-12 0.000000e+00 2.382811e-11 
1.380845e-01 -5.824833e-12 0.000000e+00 2.373020e-11 
1.380415e-01 -4.970470e-12 0.000000e+00 2.360777e-11 
1.379981e-01 -4.115699e-12 0.000000e+00 2.346106e-11 
1.379543e-01 -3.261175e-12 0.000000e+00 2.329031e-11 
1.379100e-01 -2.407552e-12 0.000000e+00 2.309575e-11 
1.378652e-01 -1.555478e-12 0.000000e+00 2.287765e-11 
1.378200e-01 -7.055983e-13 0.000000e+00 2.263630e-11 
1.377744e-01 1.414464e-13 0.000000e+00 2.237196e-11 
1.377283e-01 9.850200e-13 0.000000e+00 2.208495e-11 
1.376817e-01 1.824492e-12 0.000000e+00 2.177557e-11 
1.376347e-01 2.659236e-12 0.000000e+00 2.144415e-11 
1.375873e-01 3.488633e-12 0.000000e+00 2.109103e-11 
1.375393e-01 4.312069e-12 0.000000e+00 2.071653e-11 
1.374910e-01 5.128938e-12 0.000000e+00 2.032103e-11 
1.374421e-01 5.938640e-12 0.000000e+00 1.990490e-11 
1.373928e-01 6.740583e-12 0.000000e+00 1.946851e-11 
1.373431e-01 7.534180e-12 0.000000e+00 1.901224e-11 
1.372928e-01 8.318856e-12 0.000000e+00 1.853652e-11 
1.372421e-01 9.094043e-12 0.000000e+00 1.804173e-11 
1.371909e-01 9.859180e-12 0.000000e+00 1.752831e-11 
1.371393e-01 1.061372e-11 0.000000e+00 1.699669e-11 
1.370872e-01 1.135711e-11 0.000000e+00 1.644730e-11 
1.370346e-01 1.208884e-11 0.000000e+00 1.588060e-11 
1.369815e-01 1.280837e-11 0.000000e+00 1.529705e-11 
1.369280e-01 1.351519e-11 0.000000e+00 1.469712e-11 
1.368739e-01 1.420881e-11 0.000000e+00 1.408127e-11 
1.368194e-01 1.488874e-11 0.000000e+00 1.345001e-11 
1.367644e-01 1.555449e-11 0.000000e+00 1.280381e-11 
1.367090e-01 1.620561e-11 0.000000e+00 1.214319e-11 
1.366530e-01 1.684164e-11 0.000000e+00 1.146865e-11 
1.365965e-01 1.746213e-11 0.000000e+00 1.078071e-11 
1.365396e-01 1.806666e-11 0.000000e+00 1.007989e-11 
1.364821e-01 1.865480e-11 0.000000e+00 9.366721e-12 
1.364242e-01 1.922617e-11 0.000000e+00 8.641741e-12 
1.363658e-01 1.978035e-11 0.000000e+00 7.905491e-12 
1.363068e-01 2.031699e-11 0.000000e+00 7.158520e-12 
1.362474e-01 2.083571e-11 0.000000e+00 6.401381e-12 
1.361875e-01 2.133616e-11 0.000000e+00 5.634632e-12 
1.361271e-01 2.181802e-11 0.000000e+00 4.858837e-12 
1.360661e-01 2.228095e-11 0.000000e+00 4.074563e-12 
1.360047e-01 2.272466e-11 0.000000e+00 3.282382e-12 
1.359427e-01 2.314884e-11 0.000000e+00 2.482870e-12 
1.358803e-01 2.355323e-11 0.000000e+00 1.676604e-12 
1.358173e-01 2.393757e-11 0.000000e+00 8.641668e-13 
1.357538e-01 2.430159e-11 0.000000e+00 4.614274e-14 
1.356898e-01 2.464508e-11 0.000000e+00 -7.768818e-13 
1.356253e-01 2.496782e-11 0.000000e+00 -1.604318e-12 
1.355602e-01 2.526961e-11 0.000000e+00 -2.435577e-12 
1.354947e-01 2.555026e-11 0.000000e+00 -3.270066e-12 
1.354286e-01 2.580960e-11 0.000000e+00 -4.107194e-12 
1.353620e-01 2.604749e-11 0.000000e+00 -4.946369e-12 
1.352949e-01 2.626378e-11 0.000000e+00 -5.786997e-12 
1.352272e-01 2.645836e-11 0.000000e+00 -6.628487e-12 
1.351591e-01 2.663112e-11 0.000000e+00 -7.470248e-12 
1.350904e-01 2.678197e-11 0.000000e+00 -8.311688e-12 
1.350211e-01 2.691085e-11 0.000000e+00 -9.152219e-12 
1.349513e-01 2.701769e-11 0.000000e+00 -9.991255e-12 
1.348810e-01 2.710245e-11 0.000000e+00 -1.082821e-11 
1.348102e-01 2.716512e-11 0.000000e+00 -1.166250e-11 
1.347388e-01 2.720569e-11 0.000000e+00 -1.249355e-11 
1.346669e-01 2.722416e-11 0.000000e+00 -1.332078e-11 
1.345944e-01 2.722056e-11 0.000000e+00 -1.414361e-11 
1.345214e-01 2.719493e-11 0.000000e+00 -1.496149e-11 
1.344479e-01 2.714734e-11 0.000000e+00 -1.577384e-11 
1.343738e-01 2.707785e-11 0.000000e+00 -1.658012e-11 
1.342991e-01 2.698655e-11 0.000000e+00 -1.737975e-11 
1.342239e-01 2.687356e-11 0.000000e+00 -1.817220e-11 
1.341482e-01 2.673899e-11 0.000000e+00 -1.895692e-11 
1.340719e-01 2.658298e-11 0.000000e+00 -1.973337e-11 
1.339950e-01 2.640568e-11 0.000000e+00 -2.050104e-11 
1.339176e-01 2.620727e-11 0.000000e+00 -2.125938e-11 
1.338396e-01 2.598792e-11 0.000000e+00 -2.200789e-11 
1.337611e-01 2.574783e-11 0.000000e+00 -2.274606e-11 
1.336820e-01 2.548722e-11 0.000000e+00 -2.347339e-11 
1.336024e-01 2.520632e-11 0.000000e+00 -2.418939e-11 
1.335221e-01 2.490537e-11 0.000000e+00 -2.489357e-11 
1.334414e-01 2.458463e-11 0.000000e+00 -2.558546e-11 
1.333600e-01 2.424437e-11 0.000000e+00 -2.626460e-11 
1.332781e-01 2.388488e-11 0.000000e+00 -2.693052e-11 
1.331956e-01 2.350645e-11 0.000000e+00 -2.758279e-11 
1.331125e-01 2.310941e-11 0.000000e+00 -2.822097e-11 
1.330289e-01 2.269407e-11 0.000000e+00 -2.884462e-11 
1.329447e-01 2.226078e-11 0.000000e+00 -2.945335e-11 
1.328599e-01 2.180989e-11 0.000000e+00 -3.004674e-11 
1.327745e-01 2.134176e-11 0.000000e+00 -3.062440e-11 
1.326886e-01 2.085678e-11 0.000000e+00 -3.118595e-11 
1.326020e-01 2.035533e-11 0.000000e+00 -3.173102e-11 
1.325149e-01 1.983782e-11 0.000000e+00 -3.225926e-11 
1.324272e-01 1.930465e-11 0.000000e+00 -3.277032e-11 
1.323389e-01 1.875625e-11 0.000000e+00 -3.326387e-11 
1.322500e-01 1.819306e-11 0.000000e+00 -3.373958e-11 
1.321606e-01 1.761552e-11 0.000000e+00 -3.419716e-11 
1.320705e-01 1.702408e-11 0.000000e+00 -3.463630e-11 
1.319798e-01 1.641922e-11 0.000000e+00 -3.505673e-11 
1.318886e-01 1.580140e-11 0.000000e+00 -3.545818e-11 
1.317967e-01 1.517110e-11 0.000000e+00 -3.584040e-11 
1.317043e-01 1.452882e-11 0.000000e+00 -3.620315e-11 
1.316112e-01 1.387507e-11 0.000000e+00 -3.654619e-11 
1.315176e-01 1.321034e-11 0.000000e+00 -3.686933e-11 
1.314233e-01 1.253515e-11 0.000000e+00 -3.717236e-11 
1.313285e-01 1.185003e-11 0.000000e+00 -3.745510e-11 
1.312330e-01 1.115551e-11 0.000000e+00 -3.771738e-11 
1.311370e-01 1.045211e-11 0.000000e+00 -3.795905e-11 
1.310403e-01 9.740392e-12 0.000000e+00 -3.817997e-11 
1.309430e-01 9.020891e-12 0.000000e+00 -3.838002e-11 
1.308451e-01 8.294164e-12 0.000000e+00 -3.855908e-11 
1.307466e-01 7.560768e-12 0.000000e+00 -3.871706e-11 
1.306474e-01 6.821264e-12 0.000000e+00 -3.885389e-11 
1.305477e-01 6.076218e-12 0.000000e+00 -3.896949e-11 
1.304473e-01 5.326199e-12 0.000000e+00 -3.906383e-11 
1.303463e-01 4.571779e-12 0.000000e+00 -3.913685e-11 
1.302447e-01 3.813535e-12 0.000000e+00 -3.918856e-11 
1.301425e-01 3.052041e-12 0.000000e+00 -3.921893e-11 
1.300396e-01 2.287878e-12 0.000000e+00 -3.922799e-11 
1.299362e-01 1.521626e-12 0.000000e+00 -3.921576e-11 
1.298320e-01 7.538666e-13 0.000000e+00 -3.918228e-11 
1.297273e-01 -1.481921e-14 0.000000e+00 -3.912761e-11 
1.296219e-01 -7.838492e-13 0.000000e+00 -3.905181e-11 
1.295159e-01 -1.552642e-12 0.000000e+00 -3.895498e-11 
1.294093e-01 -2.320616e-12 0.000000e+00 -3.883722e-11 
1.293020e-01 -3.087192e-12 0.000000e+00 -3.869864e-11 
1.291941e-01 -3.851793e-12 0.000000e+00 -3.853937e-11 
1.290856e-01 -4.613841e-12 0.000000e+00 -3.835956e-11 
1.289764e-01 -5.372764e-12 0.000000e+00 -3.815936e-11 
1.288665e-01 -6.127991e-12 0.000000e+00 -3.793896e-11 
1.287561e-01 -6.878954e-12 0.000000e+00 -3.769853e-11 
1.286449e-01 -7.625090e-12 0.000000e+00 -3.743829e-11 
1.285332e-01 -8.365840e-12 0.000000e+00 -3.715844e-11 
1.284208e-01 -9.100647e-12 0.000000e+00 -3.685922e-11 
1.283077e-01 -9.828963e-12 0.000000e+00 -3.654087e-11 
1.281940e-01 -1.055024e-11 0.000000e+00 -3.620365e-11 
1.280796e-01 -1.126395e-11 0.000000e+00 -3.584782e-11 
1.279646e-01 -1.196954e-11 0.000000e+00 -3.547368e-11 
1.278489e-01 -1.266650e-11 0.000000e+00 -3.508151e-11 
1.277326e-01 -1.335430e-11 0.000000e+00 -3.467162e-11 
1.276156e-01 -1.403244e-11 0.000000e+00 -3.424434e-11 
1.274980e-01 -1.470041e-11 0.000000e+00 -3.379999e-11 
1.273797e-01 -1.535771e-11 0.000000e+00 -3.333893e-11 
1.272607e-01 -1.600385e-11 0.000000e+00 -3.286150e-11 
1.271410e-01 -1.663835e-11 0.000000e+00 -3.236808e-11 
1.270207e-01 -1.726075e-11 0.000000e+00 -3.185904e-11 
1.268998e-01 -1.787057e-11 0.000000e+00 -3.133477e-11 
1.267781e-01 -1.846738e-11 0.000000e+00 -3.079568e-11 
1.266558e-01 -1.905073e-11 0.000000e+00 -3.024217e-11 
1.265329e-01 -1.962018e-11 0.000000e+00 -2.967465e-11 
1.264092e-01 -2.017532e-11 0.000000e+00 -2.909357e-11 
1.262849e-01 -2.071573e-11 0.000000e+00 -2.849936e-11 
1.261599e-01 -2.124103e-11 0.000000e+00 -2.789247e-11 
1.260342e-01 -2.175081e-11 0.000000e+00 -2.727335e-11 
1.259079e-01 -2.224471e-11 0.000000e+00 -2.664247e-11 
1.257808e-01 -2.272236e-11 0.000000e+00 -2.600030e-11 
1.256531e-01 -2.318342e-11 0.000000e+00 -2.534732e-11 
1.255247e-01 -2.362753e-11 0.000000e+00 -2.468402e-11 
1.253956e-01 -2.405438e-11 0.000000e+00 -2.401090e-11 
1.252659e-01 -2.446366e-11 0.000000e+00 -2.332844e-11 
1.251354e-01 -2.485506e-11 0.000000e+00 -2.263717e-11 
1.250042e-01 -2.522830e-11 0.000000e+00 -2.193759e-11 
1.248724e-01 -2.558311e-11 0.000000e+00 -2.123022e-11 
1.247399e-01 -2.591922e-11 0.000000e+00 -2.051559e-11 
1.246067e-01 -2.623640e-11 0.000000e+00 -1.979422e-11 
1.244728e-01 -2.653440e-11 0.000000e+00 -1.906664e-11 
1.243381e-01 -2.681303e-11 0.000000e+00 -1.833340e-11 
1.242028e-01 -2.707206e-11 0.000000e+00 -1.759504e-11 
1.240668e-01 -2.731132e-11 0.000000e+00 -1.685208e-11 
1.239301e-01 -2.753063e-11 0.000000e+00 -1.610509e-11 
1.237927e-01 -2.772983e-11 0.000000e+00 -1.535461e-11 
1.236546e-01 -2.790878e-11 0.000000e+00 -1.460119e-11 
1.235158e-01 -2.806736e-11 0.000000e+00 -1.384538e-11 
1.233763e-01 -2.820544e-11 0.000000e+00 -1.308774e-11 
1.232360e-01 -2.832293e-11 0.000000e+00 -1.232881e-11 
1.230951e-01 -2.841974e-11 0.000000e+00 -1.156916e-11 
1.229535e-01 -2.849581e-11 0.000000e+00 -1.080934e-11 
1.228111e-01 -2.855108e-11 0.000000e+00 -1.004989e-11 
1.226680e-01 -2.858552e-11 0.000000e+00 -9.291386e-12 
1.225243e-01 -2.859911e-11 0.000000e+00 -8.534366e-12 
1.223798e-01 -2.859182e-11 0.000000e+00 -7.779384e-12 
1.222346e-01 -2.856368e-11 0.000000e+00 -7.026988e-12 
1.220886e-01 -2.851470e-11 0.000000e+00 -6.277725e-12 
1.219420e-01 -2.844493e-11 0.000000e+00 -5.532138e-12 
1.217946e-01 -2.835441e-11 0.000000e+00 -4.790768e-12 
1.216465e-01 -2.824321e-11 0.000000e+00 -4.054151e-12 
1.214977e-01 -2.811141e-11 0.000000e+00 -3.322822e-12 
1.213481e-01 -2.795912e-11 0.000000e+00 -2.597308e-12 
1.211979e-01 -2.778644e-11 0.000000e+00 -1.878135e-12 
1.210469e-01 -2.759351e-11 0.000000e+00 -1.165822e-12 
1.208952e-01 -2.738045e-11 0.000000e+00 -4.608821e-13 
1.207427e-01 -2.714743e-11 0.000000e+00 2.361749e-13 
1.205895e-01 -2.689462e-11 0.000000e+00 9.248470e-13 
1.204356e-01 -2.662220e-11 0.000000e+00 1.604638e-12 
1.202809e-01 -2.633036e-11 0.000000e+00 2.275059e-12 
1.201256e-01 -2.601933e-11 0.000000e+00 2.935627e-12 
1.199694e-01 -2.568932e-11 0.000000e+00 3.585867e-12 
1.198126e-01 -2.534057e-11 0.000000e+00 4.225313e-12 
1.196550e-01 -2.497334e-11 0.000000e+00 4.853504e-12 
1.194966e-01 -2.458788e-11 0.000000e+00 5.469990e-12 
1.193375e-01 -2.418449e-11 0.000000e+00 6.074328e-12 
1.191777e-01 -2.376343e-11 0.000000e+00 6.666086e-12 
1.190171e-01 -2.332503e-11 0.000000e+00 7.244839e-12 
1.188558e-01 -2.286959e-11 0.000000e+00 7.810173e-12 
1.186937e-01 -2.239743e-11 0.000000e+00 8.361682e-12 
1.185309e-01 -2.190890e-11 0.000000e+00 8.898972e-12 
1.183674e-01 -2.140435e-11 0.000000e+00 9.421658e-12 
1.182030e-01 -2.088413e-11 0.000000e+00 9.929367e-12 
1.180380e-01 -2.034862e-11 0.000000e+00 1.042174e-11 
1.178722e-01 -1.979819e-11 0.000000e+00 1.089841e-11 
1.177056e-01 -1.923324e-11 0.000000e+00 1.135905e-11 
1.175382e-01 -1.865417e-11 0.000000e+00 1.180333e-11 
1.173701e-01 -1.806139e-11 0.000000e+00 1.223093e-11 
1.172013e-01 -1.745531e-11 0.000000e+00 1.264155e-11 
1.170317e-01 -1.683638e-11 0.000000e+00 1.303489e-11 
1.168613e-01 -1.620502e-11 0.000000e+00 1.341066e-11 
1.166902e-01 -1.556168e-11 0.000000e+00 1.376861e-11 
1.165183e-01 -1.490681e-11 0.000000e+00 1.410847e-11 
1.163456e-01 -1.424088e-11 0.000000e+00 1.443000e-11 
1.161722e-01 -1.356435e-11 0.000000e+00 1.473298e-11 
1.159980e-01 -1.287770e-11 0.000000e+00 1.501718e-11 
1.158230e-01 -1.218141e-11 0.000000e+00 1.528240e-11 
1.156473e-01 -1.147596e-11 0.000000e+00 1.552845e-11 
1.154707e-01 -1.076186e-11 0.000000e+00 1.575515e-11 
1.152935e-01 -1.003960e-11 0.000000e+00 1.596234e-11 
1.151154e-01 -9.309683e-12 0.000000e+00 1.614987e-11 
1.149366e-01 -8.572618e-12 0.000000e+00 1.631760e-11 
1.147570e-01 -7.828919e-12 0.000000e+00 1.646541e-11 
1.145766e-01 -7.079103e-12 0.000000e+00 1.659319e-11 
1.143954e-01 -6.323690e-12 0.000000e+00 1.670085e-11 
1.142135e-01 -5.563204e-12 0.000000e+00 1.678830e-11 
1.140307e-01 -4.798171e-12 0.000000e+00 1.685547e-11 
1.138472e-01 -4.029120e-12 0.000000e+00 1.690232e-11 
1.136629e-01 -3.256582e-12 0.000000e+00 1.692881e-11 
1.134778e-01 -2.481090e-12 0.000000e+00 1.693490e-11 
1.132920e-01 -1.703176e-12 0.000000e+00 1.692059e-11 
1.131053e-01 -9.233769e-13 0.000000e+00 1.688589e-11 
1.129179e-01 -1.422262e-13 0.000000e+00 1.683080e-11 
1.127296e-01 6.397402e-13 0.000000e+00 1.675535e-11 
1.125406e-01 1.421988e-12 0.000000e+00 1.665960e-11 
1.123508e-01 2.203982e-12 0.000000e+00 1.654360e-11 
1.121602e-01 2.985189e-12 0.000000e+00 1.640742e-11 
1.119688e-01 3.765078e-12 0.000000e+00 1.625114e-11 
1.117766e-01 4.543118e-12 0.000000e+00 1.607487e-11 
1.115836e-01 5.318782e-12 0.000000e+00 1.587871e-11 
1.113898e-01 6.091544e-12 0.000000e+00 1.566279e-11 
1.111952e-01 6.860881e-12 0.000000e+00 1.542726e-11 
1.109998e-01 7.626274e-12 0.000000e+00 1.517225e-11 
1.108035e-01 8.387208e-12 0.000000e+00 1.489794e-11 
1.106065e-01 9.143171e-12 0.000000e+00 1.460450e-11 
1.104087e-01 9.893655e-12 0.000000e+00 1.429213e-11 
1.102101e-01 1.063816e-11 0.000000e+00 1.396101e-11 
1.100107e-01 1.137618e-11 0.000000e+00 1.361138e-11 
1.098105e-01 1.210723e-11 0.000000e+00 1.324344e-11 
1.096094e-01 1.283083e-11 0.000000e+00 1.285745e-11 
1.094076e-01 1.354648e-11 0.000000e+00 1.245366e-11 
1.092049e-01 1.425372e-11 0.000000e+00 1.203231e-11 
1.090014e-01 1.495208e-11 0.000000e+00 1.159370e-11 
1.087971e-01 1.564109e-11 0.000000e+00 1.113809e-11 
1.085920e-01 1.632032e-11 0.000000e+00 1.066579e-11 
1.083861e-01 1.698929e-11 0.000000e+00 1.017710e-11 
1.081794e-01 1.764759e-11 0.000000e+00 9.672332e-12 
1.079718e-01 1.829478e-11 0.000000e+00 9.151818e-12 
1.077635e-01 1.893043e-11 0.000000e+00 8.615891e-12 
1.075543e-01 1.955414e-11 0.000000e+00 8.064896e-12 
1.073443e-01 2.016550e-11 0.000000e+00 7.499188e-12 
1.071334e-01 2.076411e-11 0.000000e+00 6.919131e-12 
1.069218e-01 2.134960e-11 0.000000e+00 6.325097e-12 
1.067093e-01 2.192158e-11 0.000000e+00 5.717466e-12 
1.064960e-01 2.247968e-11 0.000000e+00 5.096629e-12 
1.062818e-01 2.302356e-11 0.000000e+00 4.462983e-12 
1.060668e-01 2.355286e-11 0.000000e+00 3.816931e-12 
1.058510e-01 2.406726e-11 0.000000e+00 3.158887e-12 
1.056344e-01 2.456642e-11 0.000000e+00 2.489270e-12 
1.054169e-01 2.505004e-11 0.000000e+00 1.808505e-12 
1.051987e-01 2.551781e-11 0.000000e+00 1.117026e-12 
1.049795e-01 2.596944e-11 0.000000e+00 4.152696e-13 
1.047596e-01 2.640465e-11 0.000000e+00 -2.963184e-13 
1.045388e-01 2.682317e-11 0.000000e+00 -1.017289e-12 
1.043171e-01 2.722476e-11 0.000000e+00 -1.747186e-12 
1.040946e-01 2.760915e-11 0.000000e+00 -2.485551e-12 
1.038713e-01 2.797613e-11 0.000000e+00 -3.231919e-12 
1.036472e-01 2.832547e-11 0.000000e+00 -3.985822e-12 
1.034222e-01 2.865697e-11 0.000000e+00 -4.746787e-12 
1.031963e-01 2.897043e-11 0.000000e+00 -5.514339e-12 
1.029697e-01 2.926566e-11 0.000000e+00 -6.287998e-12 
1.027421e-01 2.954249e-11 0.000000e+00 -7.067283e-12 
1.025137e-01 2.980078e-11 0.000000e+00 -7.851710e-12 
1.022845e-01 3.004037e-11 0.000000e+00 -8.640791e-12 
1.020545e-01 3.026113e-11 0.000000e+00 -9.434039e-12 
1.018235e-01 3.046295e-11 0.000000e+00 -1.023096e-11 
1.015918e-01 3.064571e-11 0.000000e+00 -1.103107e-11 
1.013591e-01 3.080932e-11 0.000000e+00 -1.183388e-11 
1.011257e-01 3.095371e-11 0.000000e+00 -1.263888e-11 
1.008913e-01 3.107879e-11 0.000000e+00 -1.344560e-11 
1.006562e-01 3.118453e-11 0.000000e+00 -1.425353e-11 
1.004201e-01 3.127087e-11 0.000000e+00 -1.506219e-11 
1.001832e-01 3.133779e-11 0.000000e+00 -1.587108e-11 
9.994548e-02 3.138527e-11 0.000000e+00 -1.667972e-11 
9.970687e-02 3.141331e-11 0.000000e+00 -1.748762e-11 
9.946740e-02 3.142191e-11 0.000000e+00 -1.829428e-11 
9.922707e-02 3.141110e-11 0.000000e+00 -1.909924e-11 
9.898588e-02 3.138091e-11 0.000000e+00 -1.990199e-11 
9.874383e-02 3.133139e-11 0.000000e+00 -2.070207e-11 
9.850091e-02 3.126260e-11 0.000000e+00 -2.149901e-11 
9.825713e-02 3.117460e-11 0.000000e+00 -2.229232e-11 
9.801248e-02 3.106749e-11 0.000000e+00 -2.308153e-11 
9.776696e-02 3.094137e-11 0.000000e+00 -2.386620e-11 
9.752058e-02 3.079632e-11 0.000000e+00 -2.464584e-11 
9.727333e-02 3.063249e-11 0.000000e+00 -2.542002e-11 
9.702521e-02 3.045000e-11 0.000000e+00 -2.618827e-11 
9.677622e-02 3.024899e-11 0.000000e+00 -2.695015e-11 
9.652635e-02 3.002962e-11 0.000000e+00 -2.770522e-11 
9.627561e-02 2.979206e-11 0.000000e+00 -2.845305e-11 
9.602400e-02 2.953648e-11 0.000000e+00 -2.919321e-11 
9.577152e-02 2.926308e-11 0.000000e+00 -2.992527e-11 
9.551815e-02 2.897204e-11 0.000000e+00 -3.064882e-11 
9.526392e-02 2.866359e-11 0.000000e+00 -3.136345e-11 
9.500880e-02 2.833794e-11 0.000000e+00 -3.206876e-11 
9.475280e-02 2.799533e-11 0.000000e+00 -3.276435e-11 
9.449593e-02 2.763600e-11 0.000000e+00 -3.344985e-11 
9.423817e-02 2.726019e-11 0.000000e+00 -3.412485e-11 
9.397953e-02 2.686817e-11 0.000000e+00 -3.478900e-11 
9.372001e-02 2.646020e-11 0.000000e+00 -3.544194e-11 
9.345961e-02 2.603658e-11 0.000000e+00 -3.608330e-11 
9.319832e-02 2.559758e-11 0.000000e+00 -3.671274e-11 
9.293615e-02 2.514351e-11 0.000000e+00 -3.732992e-11 
9.267309e-02 2.467467e-11 0.000000e+00 -3.793452e-11 
9.240914e-02 2.419137e-11 0.000000e+00 -3.852621e-11 
9.214430e-02 2.369394e-11 0.000000e+00 -3.910468e-11 
9.187857e-02 2.318271e-11 0.000000e+00 -3.966963e-11 
9.161196e-02 2.265801e-11 0.000000e+00 -4.022078e-11 
9.134445e-02 2.212019e-11 0.000000e+00 -4.075783e-11 
9.107605e-02 2.156960e-11 0.000000e+00 -4.128052e-11 
9.080675e-02 2.100661e-11 0.000000e+00 -4.178858e-11 
9.053656e-02 2.043156e-11 0.000000e+00 -4.228177e-11 
9.026548e-02 1.984485e-11 0.000000e+00 -4.275985e-11 
8.999350e-02 1.924683e-11 0.000000e+00 -4.322257e-11 
8.972063e-02 1.863791e-11 0.000000e+00 -4.366973e-11 
8.944685e-02 1.801845e-11 0.000000e+00 -4.410111e-11 
8.917218e-02 1.738887e-11 0.000000e+00 -4.451651e-11 
8.889660e-02 1.674955e-11 0.000000e+00 -4.491575e-11 
8.862013e-02 1.610090e-11 0.000000e+00 -4.529864e-11 
8.834276e-02 1.544332e-11 0.000000e+00 -4.566503e-11 
8.806448e-02 1.477723e-11 0.000000e+00 -4.601475e-11 
8.778530e-02 1.410303e-11 0.000000e+00 -4.634767e-11 
8.750521e-02 1.342115e-11 0.000000e+00 -4.666364e-11 
8.722422e-02 1.273201e-11 0.000000e+00 -4.696255e-11 
8.694232e-02 1.203603e-11 0.000000e+00 -4.724429e-11 
8.665952e-02 1.133363e-11 0.000000e+00 -4.750875e-11 
8.637581e-02 1.062524e-11 0.000000e+00 -4.775586e-11 
8.609118e-02 9.911297e-12 0.000000e+00 -4.798552e-11 
8.580565e-02 9.192223e-12 0.000000e+00 -4.819767e-11 
8.551921e-02 8.468453e-12 0.000000e+00 -4.839226e-11 
8.523186e-02 7.740419e-12 0.000000e+00 -4.856925e-11 
8.494359e-02 7.008555e-12 0.000000e+00 -4.872860e-11 
8.465441e-02 6.273296e-12 0.000000e+00 -4.887030e-11 
8.436432e-02 5.535074e-12 0.000000e+00 -4.899432e-11 
8.407331e-02 4.794323e-12 0.000000e+00 -4.910067e-11 
8.378138e-02 4.051476e-12 0.000000e+00 -4.918936e-11 
8.348854e-02 3.306965e-12 0.000000e+00 -4.926042e-11 
8.319478e-02 2.561222e-12 0.000000e+00 -4.931387e-11 
8.290011e-02 1.814675e-12 0.000000e+00 -4.934976e-11 
8.260451e-02 1.067752e-12 0.000000e+00 -4.936815e-11 
8.230799e-02 3.208801e-13 0.000000e+00 -4.936909e-11 
8.201055e-02 -4.255180e-13 0.000000e+00 -4.935267e-11 
8.171219e-02 -1.171021e-12 0.000000e+00 -4.931897e-11 
8.141290e-02 -1.915211e-12 0.000000e+00 -4.926809e-11 
8.111270e-02 -2.657672e-12 0.000000e+00 -4.920013e-11 
8.081156e-02 -3.397993e-12 0.000000e+00 -4.911521e-11 
8.050950e-02 -4.135765e-12 0.000000e+00 -4.901345e-11 
8.020652e-02 -4.870584e-12 0.000000e+00 -4.889499e-11 
7.990261e-02 -5.602049e-12 0.000000e+00 -4.875997e-11 
7.959777e-02 -6.329765e-12 0.000000e+00 -4.860855e-11 
7.929200e-02 -7.053340e-12 0.000000e+00 -4.844090e-11 
7.898530e-02 -7.772387e-12 0.000000e+00 -4.825718e-11 
7.867767e-02 -8.486524e-12 0.000000e+00 -4.805758e-11 
7.836911e-02 -9.195376e-12 0.000000e+00 -4.784229e-11 
7.805962e-02 -9.898572e-12 0.000000e+00 -4.761150e-11 
7.774919e-02 -1.059575e-11 0.000000e+00 -4.736543e-11 
7.743783e-02 -1.128654e-11 0.000000e+00 -4.710429e-11 
7.712554e-02 -1.197060e-11 0.000000e+00 -4.682831e-11 
7.681231e-02 -1.264758e-11 0.000000e+00 -4.653771e-11 
7.649814e-02 -1.331714e-11 0.000000e+00 -4.623274e-11 
7.618303e-02 -1.397894e-11 0.000000e+00 -4.591364e-11 
7.586699e-02 -1.463266e-11 0.000000e+00 -4.558067e-11 
7.555001e-02 -1.527799e-11 0.000000e+00 -4.523409e-11 
7.523209e-02 -1.591460e-11 0.000000e+00 -4.487416e-11 
7.491323e-02 -1.654219e-11 0.000000e+00 -4.450116e-11 
7.459343e-02 -1.716047e-11 0.000000e+00 -4.411538e-11 
7.427268e-02 -1.776915e-11 0.000000e+00 -4.371709e-11 
7.395100e-02 -1.836794e-11 0.000000e+00 -4.330660e-11 
7.362837e-02 -1.895657e-11 0.000000e+00 -4.288420e-11 
7.330479e-02 -1.953478e-11 0.000000e+00 -4.245019e-11 
7.298027e-02 -2.010231e-11 0.000000e+00 -4.200488e-11 
7.265481e-02 -2.065891e-11 0.000000e+00 -4.154859e-11 
7.232839e-02 -2.120434e-11 0.000000e+00 -4.108164e-11 
7.200103e-02 -2.173837e-11 0.000000e+00 -4.060436e-11 
7.167272e-02 -2.226077e-11 0.000000e+00 -4.011705e-11 
7.134346e-02 -2.277134e-11 0.000000e+00 -3.962007e-11 
7.101326e-02 -2.326987e-11 0.000000e+00 -3.911375e-11 
7.068210e-02 -2.375616e-11 0.000000e+00 -3.859842e-11 
7.034999e-02 -2.423003e-11 0.000000e+00 -3.807442e-11 
7.001692e-02 -2.469129e-11 0.000000e+00 -3.754211e-11 
6.968291e-02 -2.513979e-11 0.000000e+00 -3.700183e-11 
6.934794e-02 -2.557535e-11 0.000000e+00 -3.645393e-11 
6.901201e-02 -2.599784e-11 0.000000e+00 -3.589877e-11 
6.867514e-02 -2.640711e-11 0.000000e+00 -3.533669e-11 
6.833730e-02 -2.680303e-11 0.000000e+00 -3.476806e-11 
6.799851e-02 -2.718548e-11 0.000000e+00 -3.419323e-11 
6.765876e-02 -2.755434e-11 0.000000e+00 -3.361257e-11 
6.731805e-02 -2.790952e-11 0.000000e+00 -3.302643e-11 
6.697638e-02 -2.825093e-11 0.000000e+00 -3.243517e-11 
6.663376e-02 -2.857847e-11 0.000000e+00 -3.183916e-11 
6.629017e-02 -2.889208e-11 0.000000e+00 -3.123875e-11 
6.594562e-02 -2.919168e-11 0.000000e+00 -3.063431e-11 
6.560011e-02 -2.947724e-11 0.000000e+00 -3.002621e-11 
6.525363e-02 -2.974869e-11 0.000000e+00 -2.941480e-11 
6.490620e-02 -3.000600e-11 0.000000e+00 -2.880043e-11 
6.455779e-02 -3.024916e-11 0.000000e+00 -2.818348e-11 
6.420843e-02 -3.047813e-11 0.000000e+00 -2.756430e-11 
6.385809e-02 -3.069291e-11 0.000000e+00 -2.694325e-11 
6.350680e-02 -3.089351e-11 0.000000e+00 -2.632068e-11 
6.315453e-02 -3.107993e-11 0.000000e+00 -2.569694e-11 
6.280130e-02 -3.125219e-11 0.000000e+00 -2.507239e-11 
6.244709e-02 -3.141033e-11 0.000000e+00 -2.444737e-11 
6.209192e-02 -3.155437e-11 0.000000e+00 -2.382223e-11 
6.173578e-02 -3.168436e-11 0.000000e+00 -2.319731e-11 
6.137867e-02 -3.180036e-11 0.000000e+00 -2.257295e-11 
6.102058e-02 -3.190244e-11 0.000000e+00 -2.194950e-11 
6.066152e-02 -3.199066e-11 0.000000e+00 -2.132728e-11 
6.030149e-02 -3.206511e-11 0.000000e+00 -2.070662e-11 
5.994049e-02 -3.212587e-11 0.000000e+00 -2.008784e-11 
5.957851e-02 -3.217304e-11 0.000000e+00 -1.947128e-11 
5.921556e-02 -3.220673e-11 0.000000e+00 -1.885725e-11 
5.885163e-02 -3.222704e-11 0.000000e+00 -1.824605e-11 
5.848673e-02 -3.223411e-11 0.000000e+00 -1.763801e-11 
5.812085e-02 -3.222806e-11 0.000000e+00 -1.703341e-11 
5.775399e-02 -3.220902e-11 0.000000e+00 -1.643257e-11 
5.738615e-02 -3.217715e-11 0.000000e+00 -1.583577e-11 
5.701733e-02 -3.213258e-11 0.000000e+00 -1.524330e-11 
5.664753e-02 -3.207548e-11 0.000000e+00 -1.465544e-11 
5.627676e-02 -3.200602e-11 0.000000e+00 -1.407248e-11 
5.590500e-02 -3.192436e-11 0.000000e+00 -1.349467e-11 
5.553226e-02 -3.183068e-11 0.000000e+00 -1.292229e-11 
5.515853e-02 -3.172517e-11 0.000000e+00 -1.235560e-11 
5.478383e-02 -3.160802e-11 0.000000e+00 -1.179484e-11 
5.440814e-02 -3.147943e-11 0.000000e+00 -1.124026e-11 
5.403146e-02 -3.133960e-11 0.000000e+00 -1.069211e-11 
5.365380e-02 -3.118873e-11 0.000000e+00 -1.015060e-11 
5.327516e-02 -3.102705e-11 0.000000e+00 -9.615979e-12 
5.289552e-02 -3.085476e-11 0.000000e+00 -9.088453e-12 
5.251490e-02 -3.067211e-11 0.000000e+00 -8.568237e-12 
5.213330e-02 -3.047931e-11 0.000000e+00 -8.055535e-12 
5.175070e-02 -3.027660e-11 0.000000e+00 -7.550544e-12 
5.136711e-02 -3.006422e-11 0.000000e+00 -7.053455e-12 
5.098254e-02 -2.984241e-11 0.000000e+00 -6.564449e-12 
5.059697e-02 -2.961142e-11 0.000000e+00 -6.083701e-12 
5.021042e-02 -2.937150e-11 0.000000e+00 -5.611379e-12 
4.982287e-02 -2.912290e-11 0.000000e+00 -5.147642e-12 
4.943433e-02 -2.886589e-11 0.000000e+00 -4.692643e-12 
4.904479e-02 -2.860073e-11 0.000000e+00 -4.246525e-12 
4.865426e-02 -2.832767e-11 0.000000e+00 -3.809424e-12 
4.826274e-02 -2.804699e-11 0.000000e+00 -3.381468e-12 
4.787022e-02 -2.775895e-11 0.000000e+00 -2.962778e-12 
4.747671e-02 -2.746384e-11 0.000000e+00 -2.553466e-12 
4.708220e-02 -2.716192e-11 0.000000e+00 -2.153637e-12 
4.668669e-02 -2.685347e-11 0.000000e+00 -1.763386e-12 
4.629019e-02 -2.653877e-11 0.000000e+00 -1.382801e-12 
4.589269e-02 -2.621810e-11 0.000000e+00 -1.011963e-12 
4.549419e-02 -2.589174e-11 0.000000e+00 -6.509424e-13 
4.509469e-02 -2.555997e-11 0.000000e+00 -2.998042e-13 
4.469419e-02 -2.522307e-11 0.000000e+00 4.139654e-14 
4.429269e-02 -2.488133e-11 0.000000e+00 3.726122e-13 
4.389018e-02 -2.453503e-11 0.000000e+00 6.938034e-13 
4.348668e-02 -2.418446e-11 0.000000e+00 1.004939e-12 
4.308217e-02 -2.382990e-11 0.000000e+00 1.305995e-12 
4.267666e-02 -2.347163e-11 0.000000e+00 1.596957e-12 
4.227015e-02 -2.310994e-11 0.000000e+00 1.877818e-12 
4.186263e-02 -2.274511e-11 0.000000e+00 2.148577e-12 
4.145411e-02 -2.237742e-11 0.000000e+00 2.409244e-12 
4.104458e-02 -2.200715e-11 0.000000e+00 2.659835e-12 
4.063405e-02 -2.163458e-11 0.000000e+00 2.900373e-12 
4.022251e-02 -2.125998e-11 0.000000e+00 3.130892e-12 
3.980996e-02 -2.088364e-11 0.000000e+00 3.351430e-12 
3.939641e-02 -2.050582e-11 0.000000e+00 3.562034e-12 
3.898184e-02 -2.012679e-11 0.000000e+00 3.762758e-12 
3.856627e-02 -1.974684e-11 0.000000e+00 3.953665e-12 
3.814969e-02 -1.936621e-11 0.000000e+00 4.134824e-12 
3.773210e-02 -1.898517e-11 0.000000e+00 4.306310e-12 
3.731349e-02 -1.860399e-11 0.000000e+00 4.468207e-12 
3.689388e-02 -1.822291e-11 0.000000e+00 4.620605e-12 
3.647325e-02 -1.784220e-11 0.000000e+00 4.763601e-12 
3.605161e-02 -1.746210e-11 0.000000e+00 4.897298e-12 
3.562896e-02 -1.708285e-11 0.000000e+00 5.021807e-12 
3.520529e-02 -1.670469e-11 0.000000e+00 5.137243e-12 
3.478061e-02 -1.632787e-11 0.000000e+00 5.243730e-12 
3.435492e-02 -1.595262e-11 0.000000e+00 5.341396e-12 
3.392821e-02 -1.557915e-11 0.000000e+00 5.430376e-12 
3.350048e-02 -1.520770e-11 0.000000e+00 5.510809e-12 
3.307174e-02 -1.483848e-11 0.000000e+00 5.582841e-12 
3.264198e-02 -1.447170e-11 0.000000e+00 5.646624e-12 
3.221120e-02 -1.410757e-11 0.000000e+00 5.702312e-12 
3.177940e-02 -1.374628e-11 0.000000e+00 5.750068e-12 
3.134659e-02 -1.338804e-11 0.000000e+00 5.790056e-12 
3.091276e-02 -1.303303e-11 0.000000e+00 5.822445e-12 
3.047790e-02 -1.268143e-11 0.000000e+00 5.847412e-12 
3.004203e-02 -1.233343e-11 0.000000e+00 5.865132e-12 
2.960513e-02 -1.198918e-11 0.000000e+00 5.875788e-12 
2.916722e-02 -1.164885e-11 0.000000e+00 5.879565e-12 
2.872828e-02 -1.131260e-11 0.000000e+00 5.876651e-12 
2.828832e-02 -1.098058e-11 0.000000e+00 5.867237e-12 
2.784733e-02 -1.065293e-11 0.000000e+00 5.851516e-12 
2.740533e-02 -1.032979e-11 0.000000e+00 5.829684e-12 
2.696229e-02 -1.001128e-11 0.000000e+00 5.801939e-12 
2.651824e-02 -9.697520e-12 0.000000e+00 5.768481e-12 
2.607316e-02 -9.388628e-12 0.000000e+00 5.729510e-12 
2.562705e-02 -9.084708e-12 0.000000e+00 5.685228e-12 
2.517992e-02 -8.785858e-12 0.000000e+00 5.635837e-12 
2.473175e-02 -8.492168e-12 0.000000e+00 5.581540e-12 
2.428257e-02 -8.203721e-12 0.000000e+00 5.522540e-12 
2.383235e-02 -7.920591e-12 0.000000e+00 5.459039e-12 
2.338111e-02 -7.642845e-12 0.000000e+00 5.391239e-12 
2.292883e-02 -7.370541e-12 0.000000e+00 5.319342e-12 
2.247553e-02 -7.103732e-12 0.000000e+00 5.243546e-12 
2.202120e-02 -6.842459e-12 0.000000e+00 5.164049e-12 
2.156584e-02 -6.586758e-12 0.000000e+00 5.081047e-12 
2.110944e-02 -6.336655e-12 0.000000e+00 4.994733e-12 
2.065202e-02 -6.092171e-12 0.000000e+00 4.905299e-12 
2.019356e-02 -5.853316e-12 0.000000e+00 4.812931e-12 
1.973407e-02 -5.620093e-12 0.000000e+00 4.717814e-12 
1.927355e-02 -5.392499e-12 0.000000e+00 4.620129e-12 
1.881199e-02 -5.170521e-12 0.000000e+00 4.520053e-12 
1.834940e-02 -4.954139e-12 0.000000e+00 4.417757e-12 
1.788577e-02 -4.743326e-12 0.000000e+00 4.313410e-12 
1.742111e-02 -4.538046e-12 0.000000e+00 4.207174e-12 
1.695542e-02 -4.338258e-12 0.000000e+00 4.099208e-12 
1.648869e-02 -4.143910e-12 0.000000e+00 3.989665e-12 
1.602092e-02 -3.954946e-12 0.000000e+00 3.878690e-12 
1.555212e-02 -3.771303e-12 0.000000e+00 3.766426e-12 
1.508227e-02 -3.592907e-12 0.000000e+00 3.653007e-12 
1.461139e-02 -3.419683e-12 0.000000e+00 3.538563e-12 
1.413947e-02 -3.251544e-12 0.000000e+00 3.423215e-12 
1.366652e-02 -3.088400e-12 0.000000e+00 3.307079e-12 
1.319252e-02 -2.930153e-12 0.000000e+00 3.190266e-12 
1.271748e-02 -2.776699e-12 0.000000e+00 3.072876e-12 
1.224141e-02 -2.627928e-12 0.000000e+00 2.955004e-12 
1.176429e-02 -2.483725e-12 0.000000e+00 2.836740e-12 
1.128613e-02 -2.343967e-12 0.000000e+00 2.718165e-12 
1.080693e-02 -2.208527e-12 0.000000e+00 2.599351e-12 
1.032669e-02 -2.077272e-12 0.000000e+00 2.480367e-12 
9.845399e-03 -1.950064e-12 0.000000e+00 2.361271e-12 
9.363070e-03 -1.826760e-12 0.000000e+00 2.242119e-12 
8.879697e-03 -1.707210e-12 0.000000e+00 2.122956e-12 
8.395280e-03 -1.591261e-12 0.000000e+00 2.003823e-12 
7.909819e-03 -1.478753e-12 0.000000e+00 1.884755e-12 
7.423312e-03 -1.369525e-12 0.000000e+00 1.765782e-12 
6.935760e-03 -1.263406e-12 0.000000e+00 1.646930e-12 
6.447162e-03 -1.160225e-12 0.000000e+00 1.528219e-12 
5.957517e-03 -1.059803e-12 0.000000e+00 1.409666e-12 
5.466826e-03 -9.619598e-13 0.000000e+00 1.291286e-12 
4.975088e-03 -8.665088e-13 0.000000e+00 1.173089e-12 
4.482301e-03 -7.732605e-13 0.000000e+00 1.055083e-12 
3.988466e-03 -6.820215e-13 0.000000e+00 9.372714e-13 
3.493583e-03 -5.925946e-13 0.000000e+00 8.196521e-13 
2.997651e-03 -5.047793e-13 0.000000e+00 7.022170e-13 
2.500669e-03 -4.183714e-13 0.000000e+00 5.849493e-13 
2.002637e-03 -3.331629e-13 0.000000e+00 4.678220e-13 
1.503554e-03 -2.489416e-13 0.000000e+00 3.507989e-13 
1.003421e-03 -1.654902e-13 0.000000e+00 2.338380e-13 
5.022364e-04 -8.258612e-14 0.000000e+00 1.169050e-13 
0.000000e+00 0.000000e+00 0.000000e+00 0.000000e+00 
