time=0.000000
u1[0] u1[1] u2[0] u2[1]n1.381785e-01 0.000000e+00 0.000000e+00 0.000000e+00 
1.381785e-01 9.999980e-16 0.000000e+00 0.000000e+00 
1.381787e-01 3.999968e-15 0.000000e+00 0.000000e+00 
1.381790e-01 8.999838e-15 0.000000e+00 0.000000e+00 
1.381793e-01 1.599949e-14 0.000000e+00 0.000000e+00 
1.381798e-01 2.499875e-14 0.000000e+00 0.000000e+00 
1.381805e-01 3.599741e-14 0.000000e+00 0.000000e+00 
1.381812e-01 4.899520e-14 0.000000e+00 0.000000e+00 
1.381820e-01 6.399181e-14 0.000000e+00 0.000000e+00 
1.381830e-01 8.098688e-14 0.000000e+00 0.000000e+00 
1.381840e-01 9.998000e-14 0.000000e+00 0.000000e+00 
1.381852e-01 1.209707e-13 0.000000e+00 0.000000e+00 
1.381864e-01 1.439585e-13 0.000000e+00 0.000000e+00 
1.381878e-01 1.689429e-13 0.000000e+00 0.000000e+00 
1.381893e-01 1.959232e-13 0.000000e+00 0.000000e+00 
1.381909e-01 2.248988e-13 0.000000e+00 0.000000e+00 
1.381927e-01 2.558689e-13 0.000000e+00 0.000000e+00 
1.381945e-01 2.888330e-13 0.000000e+00 0.000000e+00 
1.381964e-01 3.237901e-13 0.000000e+00 0.000000e+00 
1.381985e-01 3.607394e-13 0.000000e+00 0.000000e+00 
1.382006e-01 3.996801e-13 0.000000e+00 0.000000e+00 
1.382029e-01 4.406111e-13 0.000000e+00 0.000000e+00 
1.382053e-01 4.835316e-13 0.000000e+00 0.000000e+00 
1.382077e-01 5.284405e-13 0.000000e+00 0.000000e+00 
1.382103e-01 5.753366e-13 0.000000e+00 0.000000e+00 
1.382130e-01 6.242190e-13 0.000000e+00 0.000000e+00 
1.382159e-01 6.750864e-13 0.000000e+00 0.000000e+00 
1.382188e-01 7.279375e-13 0.000000e+00 0.000000e+00 
1.382218e-01 7.827712e-13 0.000000e+00 0.000000e+00 
1.382249e-01 8.395860e-13 0.000000e+00 0.000000e+00 
1.382282e-01 8.983807e-13 0.000000e+00 0.000000e+00 
1.382315e-01 9.591538e-13 0.000000e+00 0.000000e+00 
1.382350e-01 1.021904e-12 0.000000e+00 0.000000e+00 
1.382385e-01 1.086629e-12 0.000000e+00 0.000000e+00 
1.382422e-01 1.153329e-12 0.000000e+00 0.000000e+00 
1.382460e-01 1.222001e-12 0.000000e+00 0.000000e+00 
1.382499e-01 1.292643e-12 0.000000e+00 0.000000e+00 
1.382539e-01 1.365254e-12 0.000000e+00 0.000000e+00 
1.382580e-01 1.439833e-12 0.000000e+00 0.000000e+00 
1.382622e-01 1.516377e-12 0.000000e+00 0.000000e+00 
1.382665e-01 1.594884e-12 0.000000e+00 0.000000e+00 
1.382709e-01 1.675353e-12 0.000000e+00 0.000000e+00 
1.382754e-01 1.757782e-12 0.000000e+00 0.000000e+00 
1.382800e-01 1.842169e-12 0.000000e+00 0.000000e+00 
1.382847e-01 1.928511e-12 0.000000e+00 0.000000e+00 
1.382896e-01 2.016807e-12 0.000000e+00 0.000000e+00 
1.382945e-01 2.107055e-12 0.000000e+00 0.000000e+00 
1.382995e-01 2.199251e-12 0.000000e+00 0.000000e+00 
1.383046e-01 2.293395e-12 0.000000e+00 0.000000e+00 
1.383099e-01 2.389484e-12 0.000000e+00 0.000000e+00 
1.383152e-01 2.487516e-12 0.000000e+00 0.000000e+00 
1.383206e-01 2.587487e-12 0.000000e+00 0.000000e+00 
1.383262e-01 2.689397e-12 0.000000e+00 0.000000e+00 
1.383318e-01 2.793241e-12 0.000000e+00 0.000000e+00 
1.383375e-01 2.899019e-12 0.000000e+00 0.000000e+00 
1.383434e-01 3.006726e-12 0.000000e+00 0.000000e+00 
1.383493e-01 3.116362e-12 0.000000e+00 0.000000e+00 
1.383553e-01 3.227922e-12 0.000000e+00 0.000000e+00 
1.383615e-01 3.341405e-12 0.000000e+00 0.000000e+00 
1.383677e-01 3.456807e-12 0.000000e+00 0.000000e+00 
1.383740e-01 3.574127e-12 0.000000e+00 0.000000e+00 
1.383804e-01 3.693360e-12 0.000000e+00 0.000000e+00 
1.383870e-01 3.814504e-12 0.000000e+00 0.000000e+00 
1.383936e-01 3.937557e-12 0.000000e+00 0.000000e+00 
1.384003e-01 4.062514e-12 0.000000e+00 0.000000e+00 
1.384071e-01 4.189374e-12 0.000000e+00 0.000000e+00 
1.384140e-01 4.318133e-12 0.000000e+00 0.000000e+00 
1.384210e-01 4.448788e-12 0.000000e+00 0.000000e+00 
1.384280e-01 4.581336e-12 0.000000e+00 0.000000e+00 
1.384352e-01 4.715774e-12 0.000000e+00 0.000000e+00 
1.384425e-01 4.852098e-12 0.000000e+00 0.000000e+00 
1.384498e-01 4.990305e-12 0.000000e+00 0.000000e+00 
1.384573e-01 5.130392e-12 0.000000e+00 0.000000e+00 
1.384648e-01 5.272355e-12 0.000000e+00 0.000000e+00 
1.384724e-01 5.416191e-12 0.000000e+00 0.000000e+00 
1.384802e-01 5.561897e-12 0.000000e+00 0.000000e+00 
1.384880e-01 5.709468e-12 0.000000e+00 0.000000e+00 
1.384958e-01 5.858902e-12 0.000000e+00 0.000000e+00 
1.385038e-01 6.010195e-12 0.000000e+00 0.000000e+00 
1.385119e-01 6.163343e-12 0.000000e+00 0.000000e+00 
1.385200e-01 6.318342e-12 0.000000e+00 0.000000e+00 
1.385283e-01 6.475189e-12 0.000000e+00 0.000000e+00 
1.385366e-01 6.633880e-12 0.000000e+00 0.000000e+00 
1.385450e-01 6.794410e-12 0.000000e+00 0.000000e+00 
1.385535e-01 6.956777e-12 0.000000e+00 0.000000e+00 
1.385620e-01 7.120976e-12 0.000000e+00 0.000000e+00 
1.385707e-01 7.287003e-12 0.000000e+00 0.000000e+00 
1.385794e-01 7.454854e-12 0.000000e+00 0.000000e+00 
1.385882e-01 7.624525e-12 0.000000e+00 0.000000e+00 
1.385971e-01 7.796012e-12 0.000000e+00 0.000000e+00 
1.386061e-01 7.969311e-12 0.000000e+00 0.000000e+00 
1.386152e-01 8.144418e-12 0.000000e+00 0.000000e+00 
1.386243e-01 8.321328e-12 0.000000e+00 0.000000e+00 
1.386335e-01 8.500037e-12 0.000000e+00 0.000000e+00 
1.386428e-01 8.680540e-12 0.000000e+00 0.000000e+00 
1.386521e-01 8.862834e-12 0.000000e+00 0.000000e+00 
1.386615e-01 9.046913e-12 0.000000e+00 0.000000e+00 
1.386711e-01 9.232774e-12 0.000000e+00 0.000000e+00 
1.386806e-01 9.420412e-12 0.000000e+00 0.000000e+00 
1.386903e-01 9.609822e-12 0.000000e+00 0.000000e+00 
1.387000e-01 9.801000e-12 0.000000e+00 0.000000e+00 
1.387098e-01 9.993941e-12 0.000000e+00 0.000000e+00 
1.387196e-01 1.018864e-11 0.000000e+00 0.000000e+00 
1.387296e-01 1.038509e-11 0.000000e+00 0.000000e+00 
1.387396e-01 1.058329e-11 0.000000e+00 0.000000e+00 
1.387496e-01 1.078324e-11 0.000000e+00 0.000000e+00 
1.387598e-01 1.098492e-11 0.000000e+00 0.000000e+00 
1.387700e-01 1.118834e-11 0.000000e+00 0.000000e+00 
1.387802e-01 1.139349e-11 0.000000e+00 0.000000e+00 
1.387906e-01 1.160036e-11 0.000000e+00 0.000000e+00 
1.388010e-01 1.180895e-11 0.000000e+00 0.000000e+00 
1.388114e-01 1.201926e-11 0.000000e+00 0.000000e+00 
1.388219e-01 1.223127e-11 0.000000e+00 0.000000e+00 
1.388325e-01 1.244499e-11 0.000000e+00 0.000000e+00 
1.388431e-01 1.266040e-11 0.000000e+00 0.000000e+00 
1.388538e-01 1.287751e-11 0.000000e+00 0.000000e+00 
1.388646e-01 1.309631e-11 0.000000e+00 0.000000e+00 
1.388754e-01 1.331679e-11 0.000000e+00 0.000000e+00 
1.388863e-01 1.353894e-11 0.000000e+00 0.000000e+00 
1.388972e-01 1.376277e-11 0.000000e+00 0.000000e+00 
1.389082e-01 1.398827e-11 0.000000e+00 0.000000e+00 
1.389192e-01 1.421542e-11 0.000000e+00 0.000000e+00 
1.389303e-01 1.444423e-11 0.000000e+00 0.000000e+00 
1.389414e-01 1.467469e-11 0.000000e+00 0.000000e+00 
1.389526e-01 1.490679e-11 0.000000e+00 0.000000e+00 
1.389638e-01 1.514053e-11 0.000000e+00 0.000000e+00 
1.389751e-01 1.537591e-11 0.000000e+00 0.000000e+00 
1.389865e-01 1.561291e-11 0.000000e+00 0.000000e+00 
1.389978e-01 1.585153e-11 0.000000e+00 0.000000e+00 
1.390093e-01 1.609176e-11 0.000000e+00 0.000000e+00 
1.390207e-01 1.633361e-11 0.000000e+00 0.000000e+00 
1.390323e-01 1.657705e-11 0.000000e+00 0.000000e+00 
1.390438e-01 1.682210e-11 0.000000e+00 0.000000e+00 
1.390554e-01 1.706873e-11 0.000000e+00 0.000000e+00 
1.390670e-01 1.731695e-11 0.000000e+00 0.000000e+00 
1.390787e-01 1.756675e-11 0.000000e+00 0.000000e+00 
1.390904e-01 1.781812e-11 0.000000e+00 0.000000e+00 
1.391022e-01 1.807106e-11 0.000000e+00 0.000000e+00 
1.391140e-01 1.832556e-11 0.000000e+00 0.000000e+00 
1.391258e-01 1.858161e-11 0.000000e+00 0.000000e+00 
1.391377e-01 1.883921e-11 0.000000e+00 0.000000e+00 
1.391496e-01 1.909835e-11 0.000000e+00 0.000000e+00 
1.391615e-01 1.935902e-11 0.000000e+00 0.000000e+00 
1.391735e-01 1.962123e-11 0.000000e+00 0.000000e+00 
1.391855e-01 1.988495e-11 0.000000e+00 0.000000e+00 
1.391975e-01 2.015019e-11 0.000000e+00 0.000000e+00 
1.392095e-01 2.041694e-11 0.000000e+00 0.000000e+00 
1.392216e-01 2.068519e-11 0.000000e+00 0.000000e+00 
1.392337e-01 2.095494e-11 0.000000e+00 0.000000e+00 
1.392458e-01 2.122617e-11 0.000000e+00 0.000000e+00 
1.392580e-01 2.149889e-11 0.000000e+00 0.000000e+00 
1.392702e-01 2.177308e-11 0.000000e+00 0.000000e+00 
1.392824e-01 2.204874e-11 0.000000e+00 0.000000e+00 
1.392946e-01 2.232587e-11 0.000000e+00 0.000000e+00 
1.393068e-01 2.260444e-11 0.000000e+00 0.000000e+00 
1.393191e-01 2.288447e-11 0.000000e+00 0.000000e+00 
1.393313e-01 2.316593e-11 0.000000e+00 0.000000e+00 
1.393436e-01 2.344883e-11 0.000000e+00 0.000000e+00 
1.393559e-01 2.373316e-11 0.000000e+00 0.000000e+00 
1.393682e-01 2.401890e-11 0.000000e+00 0.000000e+00 
1.393806e-01 2.430606e-11 0.000000e+00 0.000000e+00 
1.393929e-01 2.459462e-11 0.000000e+00 0.000000e+00 
1.394052e-01 2.488458e-11 0.000000e+00 0.000000e+00 
1.394176e-01 2.517593e-11 0.000000e+00 0.000000e+00 
1.394300e-01 2.546867e-11 0.000000e+00 0.000000e+00 
1.394423e-01 2.576278e-11 0.000000e+00 0.000000e+00 
1.394547e-01 2.605826e-11 0.000000e+00 0.000000e+00 
1.394671e-01 2.635510e-11 0.000000e+00 0.000000e+00 
1.394795e-01 2.665329e-11 0.000000e+00 0.000000e+00 
1.394918e-01 2.695284e-11 0.000000e+00 0.000000e+00 
1.395042e-01 2.725372e-11 0.000000e+00 0.000000e+00 
1.395166e-01 2.755593e-11 0.000000e+00 0.000000e+00 
1.395290e-01 2.785947e-11 0.000000e+00 0.000000e+00 
1.395414e-01 2.816432e-11 0.000000e+00 0.000000e+00 
1.395537e-01 2.847048e-11 0.000000e+00 0.000000e+00 
1.395661e-01 2.877794e-11 0.000000e+00 0.000000e+00 
1.395784e-01 2.908670e-11 0.000000e+00 0.000000e+00 
1.395908e-01 2.939674e-11 0.000000e+00 0.000000e+00 
1.396031e-01 2.970806e-11 0.000000e+00 0.000000e+00 
1.396155e-01 3.002064e-11 0.000000e+00 0.000000e+00 
1.396278e-01 3.033449e-11 0.000000e+00 0.000000e+00 
1.396401e-01 3.064960e-11 0.000000e+00 0.000000e+00 
1.396524e-01 3.096594e-11 0.000000e+00 0.000000e+00 
1.396646e-01 3.128353e-11 0.000000e+00 0.000000e+00 
1.396769e-01 3.160235e-11 0.000000e+00 0.000000e+00 
1.396891e-01 3.192239e-11 0.000000e+00 0.000000e+00 
1.397013e-01 3.224364e-11 0.000000e+00 0.000000e+00 
1.397135e-01 3.256610e-11 0.000000e+00 0.000000e+00 
1.397257e-01 3.288975e-11 0.000000e+00 0.000000e+00 
1.397378e-01 3.321460e-11 0.000000e+00 0.000000e+00 
1.397499e-01 3.354063e-11 0.000000e+00 0.000000e+00 
1.397620e-01 3.386782e-11 0.000000e+00 0.000000e+00 
1.397741e-01 3.419619e-11 0.000000e+00 0.000000e+00 
1.397861e-01 3.452571e-11 0.000000e+00 0.000000e+00 
1.397981e-01 3.485637e-11 0.000000e+00 0.000000e+00 
1.398101e-01 3.518818e-11 0.000000e+00 0.000000e+00 
1.398220e-01 3.552112e-11 0.000000e+00 0.000000e+00 
1.398339e-01 3.585517e-11 0.000000e+00 0.000000e+00 
1.398458e-01 3.619035e-11 0.000000e+00 0.000000e+00 
1.398576e-01 3.652663e-11 0.000000e+00 0.000000e+00 
1.398694e-01 3.686400e-11 0.000000e+00 0.000000e+00 
1.398811e-01 3.720246e-11 0.000000e+00 0.000000e+00 
1.398928e-01 3.754200e-11 0.000000e+00 0.000000e+00 
1.399045e-01 3.788262e-11 0.000000e+00 0.000000e+00 
1.399161e-01 3.822429e-11 0.000000e+00 0.000000e+00 
1.399277e-01 3.856702e-11 0.000000e+00 0.000000e+00 
1.399392e-01 3.891079e-11 0.000000e+00 0.000000e+00 
1.399507e-01 3.925560e-11 0.000000e+00 0.000000e+00 
1.399621e-01 3.960143e-11 0.000000e+00 0.000000e+00 
1.399735e-01 3.994829e-11 0.000000e+00 0.000000e+00 
1.399848e-01 4.029615e-11 0.000000e+00 0.000000e+00 
1.399960e-01 4.064501e-11 0.000000e+00 0.000000e+00 
1.400072e-01 4.099486e-11 0.000000e+00 0.000000e+00 
1.400184e-01 4.134569e-11 0.000000e+00 0.000000e+00 
1.400295e-01 4.169750e-11 0.000000e+00 0.000000e+00 
1.400405e-01 4.205027e-11 0.000000e+00 0.000000e+00 
1.400514e-01 4.240400e-11 0.000000e+00 0.000000e+00 
1.400623e-01 4.275867e-11 0.000000e+00 0.000000e+00 
1.400732e-01 4.311427e-11 0.000000e+00 0.000000e+00 
1.400839e-01 4.347081e-11 0.000000e+00 0.000000e+00 
1.400946e-01 4.382826e-11 0.000000e+00 0.000000e+00 
1.401053e-01 4.418662e-11 0.000000e+00 0.000000e+00 
1.401158e-01 4.454588e-11 0.000000e+00 0.000000e+00 
1.401263e-01 4.490603e-11 0.000000e+00 0.000000e+00 
1.401367e-01 4.526706e-11 0.000000e+00 0.000000e+00 
1.401470e-01 4.562897e-11 0.000000e+00 0.000000e+00 
1.401573e-01 4.599173e-11 0.000000e+00 0.000000e+00 
1.401675e-01 4.635535e-11 0.000000e+00 0.000000e+00 
1.401776e-01 4.671981e-11 0.000000e+00 0.000000e+00 
1.401876e-01 4.708510e-11 0.000000e+00 0.000000e+00 
1.401975e-01 4.745122e-11 0.000000e+00 0.000000e+00 
1.402074e-01 4.781815e-11 0.000000e+00 0.000000e+00 
1.402171e-01 4.818588e-11 0.000000e+00 0.000000e+00 
1.402268e-01 4.855441e-11 0.000000e+00 0.000000e+00 
1.402364e-01 4.892373e-11 0.000000e+00 0.000000e+00 
1.402459e-01 4.929382e-11 0.000000e+00 0.000000e+00 
1.402553e-01 4.966468e-11 0.000000e+00 0.000000e+00 
1.402646e-01 5.003630e-11 0.000000e+00 0.000000e+00 
1.402738e-01 5.040866e-11 0.000000e+00 0.000000e+00 
1.402829e-01 5.078176e-11 0.000000e+00 0.000000e+00 
1.402919e-01 5.115558e-11 0.000000e+00 0.000000e+00 
1.403008e-01 5.153013e-11 0.000000e+00 0.000000e+00 
1.403096e-01 5.190538e-11 0.000000e+00 0.000000e+00 
1.403183e-01 5.228132e-11 0.000000e+00 0.000000e+00 
1.403269e-01 5.265796e-11 0.000000e+00 0.000000e+00 
1.403354e-01 5.303527e-11 0.000000e+00 0.000000e+00 
1.403438e-01 5.341325e-11 0.000000e+00 0.000000e+00 
1.403521e-01 5.379189e-11 0.000000e+00 0.000000e+00 
1.403602e-01 5.417117e-11 0.000000e+00 0.000000e+00 
1.403683e-01 5.455109e-11 0.000000e+00 0.000000e+00 
1.403762e-01 5.493164e-11 0.000000e+00 0.000000e+00 
1.403841e-01 5.531281e-11 0.000000e+00 0.000000e+00 
1.403918e-01 5.569458e-11 0.000000e+00 0.000000e+00 
1.403993e-01 5.607695e-11 0.000000e+00 0.000000e+00 
1.404068e-01 5.645991e-11 0.000000e+00 0.000000e+00 
1.404141e-01 5.684344e-11 0.000000e+00 0.000000e+00 
1.404214e-01 5.722754e-11 0.000000e+00 0.000000e+00 
1.404285e-01 5.761220e-11 0.000000e+00 0.000000e+00 
1.404354e-01 5.799740e-11 0.000000e+00 0.000000e+00 
1.404423e-01 5.838313e-11 0.000000e+00 0.000000e+00 
1.404490e-01 5.876940e-11 0.000000e+00 0.000000e+00 
1.404555e-01 5.915617e-11 0.000000e+00 0.000000e+00 
1.404620e-01 5.954345e-11 0.000000e+00 0.000000e+00 
1.404683e-01 5.993123e-11 0.000000e+00 0.000000e+00 
1.404744e-01 6.031949e-11 0.000000e+00 0.000000e+00 
1.404804e-01 6.070822e-11 0.000000e+00 0.000000e+00 
1.404863e-01 6.109741e-11 0.000000e+00 0.000000e+00 
1.404921e-01 6.148706e-11 0.000000e+00 0.000000e+00 
1.404977e-01 6.187714e-11 0.000000e+00 0.000000e+00 
1.405031e-01 6.226766e-11 0.000000e+00 0.000000e+00 
1.405084e-01 6.265860e-11 0.000000e+00 0.000000e+00 
1.405136e-01 6.304995e-11 0.000000e+00 0.000000e+00 
1.405186e-01 6.344170e-11 0.000000e+00 0.000000e+00 
1.405234e-01 6.383383e-11 0.000000e+00 0.000000e+00 
1.405281e-01 6.422635e-11 0.000000e+00 0.000000e+00 
1.405327e-01 6.461923e-11 0.000000e+00 0.000000e+00 
1.405371e-01 6.501247e-11 0.000000e+00 0.000000e+00 
1.405413e-01 6.540605e-11 0.000000e+00 0.000000e+00 
1.405453e-01 6.579997e-11 0.000000e+00 0.000000e+00 
1.405492e-01 6.619421e-11 0.000000e+00 0.000000e+00 
1.405530e-01 6.658877e-11 0.000000e+00 0.000000e+00 
1.405566e-01 6.698363e-11 0.000000e+00 0.000000e+00 
1.405600e-01 6.737878e-11 0.000000e+00 0.000000e+00 
1.405632e-01 6.777421e-11 0.000000e+00 0.000000e+00 
1.405663e-01 6.816992e-11 0.000000e+00 0.000000e+00 
1.405692e-01 6.856588e-11 0.000000e+00 0.000000e+00 
1.405719e-01 6.896209e-11 0.000000e+00 0.000000e+00 
1.405744e-01 6.935854e-11 0.000000e+00 0.000000e+00 
1.405768e-01 6.975522e-11 0.000000e+00 0.000000e+00 
1.405790e-01 7.015211e-11 0.000000e+00 0.000000e+00 
1.405810e-01 7.054920e-11 0.000000e+00 0.000000e+00 
1.405828e-01 7.094649e-11 0.000000e+00 0.000000e+00 
1.405844e-01 7.134397e-11 0.000000e+00 0.000000e+00 
1.405859e-01 7.174161e-11 0.000000e+00 0.000000e+00 
1.405871e-01 7.213941e-11 0.000000e+00 0.000000e+00 
1.405882e-01 7.253737e-11 0.000000e+00 0.000000e+00 
1.405891e-01 7.293546e-11 0.000000e+00 0.000000e+00 
1.405898e-01 7.333368e-11 0.000000e+00 0.000000e+00 
1.405903e-01 7.373202e-11 0.000000e+00 0.000000e+00 
1.405906e-01 7.413046e-11 0.000000e+00 0.000000e+00 
1.405907e-01 7.452900e-11 0.000000e+00 0.000000e+00 
1.405906e-01 7.492762e-11 0.000000e+00 0.000000e+00 
1.405903e-01 7.532631e-11 0.000000e+00 0.000000e+00 
1.405898e-01 7.572506e-11 0.000000e+00 0.000000e+00 
1.405891e-01 7.612386e-11 0.000000e+00 0.000000e+00 
1.405882e-01 7.652270e-11 0.000000e+00 0.000000e+00 
1.405870e-01 7.692157e-11 0.000000e+00 0.000000e+00 
1.405857e-01 7.732045e-11 0.000000e+00 0.000000e+00 
1.405841e-01 7.771934e-11 0.000000e+00 0.000000e+00 
1.405824e-01 7.811822e-11 0.000000e+00 0.000000e+00 
1.405804e-01 7.851708e-11 0.000000e+00 0.000000e+00 
1.405782e-01 7.891592e-11 0.000000e+00 0.000000e+00 
1.405758e-01 7.931471e-11 0.000000e+00 0.000000e+00 
1.405732e-01 7.971345e-11 0.000000e+00 0.000000e+00 
1.405703e-01 8.011213e-11 0.000000e+00 0.000000e+00 
1.405672e-01 8.051073e-11 0.000000e+00 0.000000e+00 
1.405639e-01 8.090924e-11 0.000000e+00 0.000000e+00 
1.405604e-01 8.130766e-11 0.000000e+00 0.000000e+00 
1.405566e-01 8.170597e-11 0.000000e+00 0.000000e+00 
1.405526e-01 8.210416e-11 0.000000e+00 0.000000e+00 
1.405484e-01 8.250222e-11 0.000000e+00 0.000000e+00 
1.405439e-01 8.290014e-11 0.000000e+00 0.000000e+00 
1.405392e-01 8.329790e-11 0.000000e+00 0.000000e+00 
1.405343e-01 8.369549e-11 0.000000e+00 0.000000e+00 
1.405291e-01 8.409291e-11 0.000000e+00 0.000000e+00 
1.405236e-01 8.449014e-11 0.000000e+00 0.000000e+00 
1.405180e-01 8.488717e-11 0.000000e+00 0.000000e+00 
1.405121e-01 8.528398e-11 0.000000e+00 0.000000e+00 
1.405059e-01 8.568058e-11 0.000000e+00 0.000000e+00 
1.404995e-01 8.607694e-11 0.000000e+00 0.000000e+00 
1.404928e-01 8.647305e-11 0.000000e+00 0.000000e+00 
1.404859e-01 8.686890e-11 0.000000e+00 0.000000e+00 
1.404787e-01 8.726449e-11 0.000000e+00 0.000000e+00 
1.404713e-01 8.765979e-11 0.000000e+00 0.000000e+00 
1.404636e-01 8.805480e-11 0.000000e+00 0.000000e+00 
1.404557e-01 8.844951e-11 0.000000e+00 0.000000e+00 
1.404475e-01 8.884390e-11 0.000000e+00 0.000000e+00 
1.404390e-01 8.923797e-11 0.000000e+00 0.000000e+00 
1.404303e-01 8.963169e-11 0.000000e+00 0.000000e+00 
1.404213e-01 9.002507e-11 0.000000e+00 0.000000e+00 
1.404120e-01 9.041808e-11 0.000000e+00 0.000000e+00 
1.404025e-01 9.081072e-11 0.000000e+00 0.000000e+00 
1.403927e-01 9.120298e-11 0.000000e+00 0.000000e+00 
1.403826e-01 9.159484e-11 0.000000e+00 0.000000e+00 
1.403722e-01 9.198629e-11 0.000000e+00 0.000000e+00 
1.403616e-01 9.237732e-11 0.000000e+00 0.000000e+00 
1.403507e-01 9.276792e-11 0.000000e+00 0.000000e+00 
1.403395e-01 9.315807e-11 0.000000e+00 0.000000e+00 
1.403280e-01 9.354778e-11 0.000000e+00 0.000000e+00 
1.403162e-01 9.393701e-11 0.000000e+00 0.000000e+00 
1.403042e-01 9.432577e-11 0.000000e+00 0.000000e+00 
1.402918e-01 9.471403e-11 0.000000e+00 0.000000e+00 
1.402792e-01 9.510180e-11 0.000000e+00 0.000000e+00 
1.402663e-01 9.548905e-11 0.000000e+00 0.000000e+00 
1.402530e-01 9.587578e-11 0.000000e+00 0.000000e+00 
1.402395e-01 9.626197e-11 0.000000e+00 0.000000e+00 
1.402257e-01 9.664761e-11 0.000000e+00 0.000000e+00 
1.402116e-01 9.703269e-11 0.000000e+00 0.000000e+00 
1.401972e-01 9.741720e-11 0.000000e+00 0.000000e+00 
1.401825e-01 9.780113e-11 0.000000e+00 0.000000e+00 
1.401675e-01 9.818446e-11 0.000000e+00 0.000000e+00 
1.401521e-01 9.856719e-11 0.000000e+00 0.000000e+00 
1.401365e-01 9.894930e-11 0.000000e+00 0.000000e+00 
1.401206e-01 9.933078e-11 0.000000e+00 0.000000e+00 
1.401043e-01 9.971161e-11 0.000000e+00 0.000000e+00 
1.400877e-01 1.000918e-10 0.000000e+00 0.000000e+00 
1.400708e-01 1.004713e-10 0.000000e+00 0.000000e+00 
1.400536e-01 1.008502e-10 0.000000e+00 0.000000e+00 
1.400361e-01 1.012283e-10 0.000000e+00 0.000000e+00 
1.400183e-01 1.016058e-10 0.000000e+00 0.000000e+00 
1.400001e-01 1.019825e-10 0.000000e+00 0.000000e+00 
1.399816e-01 1.023585e-10 0.000000e+00 0.000000e+00 
1.399628e-01 1.027338e-10 0.000000e+00 0.000000e+00 
1.399437e-01 1.031083e-10 0.000000e+00 0.000000e+00 
1.399242e-01 1.034821e-10 0.000000e+00 0.000000e+00 
1.399044e-01 1.038551e-10 0.000000e+00 0.000000e+00 
1.398843e-01 1.042274e-10 0.000000e+00 0.000000e+00 
1.398638e-01 1.045988e-10 0.000000e+00 0.000000e+00 
1.398430e-01 1.049694e-10 0.000000e+00 0.000000e+00 
1.398218e-01 1.053392e-10 0.000000e+00 0.000000e+00 
1.398003e-01 1.057082e-10 0.000000e+00 0.000000e+00 
1.397785e-01 1.060764e-10 0.000000e+00 0.000000e+00 
1.397563e-01 1.064437e-10 0.000000e+00 0.000000e+00 
1.397338e-01 1.068101e-10 0.000000e+00 0.000000e+00 
1.397109e-01 1.071756e-10 0.000000e+00 0.000000e+00 
1.396877e-01 1.075403e-10 0.000000e+00 0.000000e+00 
1.396642e-01 1.079041e-10 0.000000e+00 0.000000e+00 
1.396402e-01 1.082669e-10 0.000000e+00 0.000000e+00 
1.396159e-01 1.086289e-10 0.000000e+00 0.000000e+00 
1.395913e-01 1.089899e-10 0.000000e+00 0.000000e+00 
1.395663e-01 1.093499e-10 0.000000e+00 0.000000e+00 
1.395410e-01 1.097090e-10 0.000000e+00 0.000000e+00 
1.395153e-01 1.100672e-10 0.000000e+00 0.000000e+00 
1.394892e-01 1.104243e-10 0.000000e+00 0.000000e+00 
1.394627e-01 1.107805e-10 0.000000e+00 0.000000e+00 
1.394359e-01 1.111356e-10 0.000000e+00 0.000000e+00 
1.394087e-01 1.114898e-10 0.000000e+00 0.000000e+00 
1.393812e-01 1.118429e-10 0.000000e+00 0.000000e+00 
1.393533e-01 1.121950e-10 0.000000e+00 0.000000e+00 
1.393250e-01 1.125460e-10 0.000000e+00 0.000000e+00 
1.392963e-01 1.128960e-10 0.000000e+00 0.000000e+00 
1.392672e-01 1.132449e-10 0.000000e+00 0.000000e+00 
1.392378e-01 1.135927e-10 0.000000e+00 0.000000e+00 
1.392080e-01 1.139394e-10 0.000000e+00 0.000000e+00 
1.391778e-01 1.142851e-10 0.000000e+00 0.000000e+00 
1.391472e-01 1.146296e-10 0.000000e+00 0.000000e+00 
1.391162e-01 1.149729e-10 0.000000e+00 0.000000e+00 
1.390848e-01 1.153152e-10 0.000000e+00 0.000000e+00 
1.390531e-01 1.156562e-10 0.000000e+00 0.000000e+00 
1.390209e-01 1.159961e-10 0.000000e+00 0.000000e+00 
1.389884e-01 1.163349e-10 0.000000e+00 0.000000e+00 
1.389555e-01 1.166724e-10 0.000000e+00 0.000000e+00 
1.389221e-01 1.170088e-10 0.000000e+00 0.000000e+00 
1.388884e-01 1.173439e-10 0.000000e+00 0.000000e+00 
1.388543e-01 1.176779e-10 0.000000e+00 0.000000e+00 
1.388197e-01 1.180105e-10 0.000000e+00 0.000000e+00 
1.387848e-01 1.183420e-10 0.000000e+00 0.000000e+00 
1.387494e-01 1.186722e-10 0.000000e+00 0.000000e+00 
1.387137e-01 1.190011e-10 0.000000e+00 0.000000e+00 
1.386775e-01 1.193288e-10 0.000000e+00 0.000000e+00 
1.386409e-01 1.196551e-10 0.000000e+00 0.000000e+00 
1.386039e-01 1.199802e-10 0.000000e+00 0.000000e+00 
1.385665e-01 1.203039e-10 0.000000e+00 0.000000e+00 
1.385287e-01 1.206263e-10 0.000000e+00 0.000000e+00 
1.384904e-01 1.209474e-10 0.000000e+00 0.000000e+00 
1.384518e-01 1.212672e-10 0.000000e+00 0.000000e+00 
1.384127e-01 1.215856e-10 0.000000e+00 0.000000e+00 
1.383732e-01 1.219026e-10 0.000000e+00 0.000000e+00 
1.383332e-01 1.222182e-10 0.000000e+00 0.000000e+00 
1.382928e-01 1.225325e-10 0.000000e+00 0.000000e+00 
1.382520e-01 1.228453e-10 0.000000e+00 0.000000e+00 
1.382108e-01 1.231568e-10 0.000000e+00 0.000000e+00 
1.381691e-01 1.234668e-10 0.000000e+00 0.000000e+00 
1.381270e-01 1.237754e-10 0.000000e+00 0.000000e+00 
1.380845e-01 1.240825e-10 0.000000e+00 0.000000e+00 
1.380415e-01 1.243882e-10 0.000000e+00 0.000000e+00 
1.379981e-01 1.246924e-10 0.000000e+00 0.000000e+00 
1.379543e-01 1.249952e-10 0.000000e+00 0.000000e+00 
1.379100e-01 1.252964e-10 0.000000e+00 0.000000e+00 
1.378652e-01 1.255962e-10 0.000000e+00 0.000000e+00 
1.378200e-01 1.258944e-10 0.000000e+00 0.000000e+00 
1.377744e-01 1.261911e-10 0.000000e+00 0.000000e+00 
1.377283e-01 1.264863e-10 0.000000e+00 0.000000e+00 
1.376817e-01 1.267799e-10 0.000000e+00 0.000000e+00 
1.376347e-01 1.270720e-10 0.000000e+00 0.000000e+00 
1.375873e-01 1.273625e-10 0.000000e+00 0.000000e+00 
1.375393e-01 1.276515e-10 0.000000e+00 0.000000e+00 
1.374910e-01 1.279388e-10 0.000000e+00 0.000000e+00 
1.374421e-01 1.282246e-10 0.000000e+00 0.000000e+00 
1.373928e-01 1.285087e-10 0.000000e+00 0.000000e+00 
1.373431e-01 1.287913e-10 0.000000e+00 0.000000e+00 
1.372928e-01 1.290722e-10 0.000000e+00 0.000000e+00 
1.372421e-01 1.293514e-10 0.000000e+00 0.000000e+00 
1.371909e-01 1.296290e-10 0.000000e+00 0.000000e+00 
1.371393e-01 1.299050e-10 0.000000e+00 0.000000e+00 
1.370872e-01 1.301793e-10 0.000000e+00 0.000000e+00 
1.370346e-01 1.304518e-10 0.000000e+00 0.000000e+00 
1.369815e-01 1.307227e-10 0.000000e+00 0.000000e+00 
1.369280e-01 1.309919e-10 0.000000e+00 0.000000e+00 
1.368739e-01 1.312594e-10 0.000000e+00 0.000000e+00 
1.368194e-01 1.315252e-10 0.000000e+00 0.000000e+00 
1.367644e-01 1.317892e-10 0.000000e+00 0.000000e+00 
1.367090e-01 1.320515e-10 0.000000e+00 0.000000e+00 
1.366530e-01 1.323120e-10 0.000000e+00 0.000000e+00 
1.365965e-01 1.325707e-10 0.000000e+00 0.000000e+00 
1.365396e-01 1.328277e-10 0.000000e+00 0.000000e+00 
1.364821e-01 1.330829e-10 0.000000e+00 0.000000e+00 
1.364242e-01 1.333363e-10 0.000000e+00 0.000000e+00 
1.363658e-01 1.335879e-10 0.000000e+00 0.000000e+00 
1.363068e-01 1.338377e-10 0.000000e+00 0.000000e+00 
1.362474e-01 1.340856e-10 0.000000e+00 0.000000e+00 
1.361875e-01 1.343317e-10 0.000000e+00 0.000000e+00 
1.361271e-01 1.345760e-10 0.000000e+00 0.000000e+00 
1.360661e-01 1.348183e-10 0.000000e+00 0.000000e+00 
1.360047e-01 1.350589e-10 0.000000e+00 0.000000e+00 
1.359427e-01 1.352975e-10 0.000000e+00 0.000000e+00 
1.358803e-01 1.355343e-10 0.000000e+00 0.000000e+00 
1.358173e-01 1.357692e-10 0.000000e+00 0.000000e+00 
1.357538e-01 1.360021e-10 0.000000e+00 0.000000e+00 
1.356898e-01 1.362332e-10 0.000000e+00 0.000000e+00 
1.356253e-01 1.364623e-10 0.000000e+00 0.000000e+00 
1.355602e-01 1.366894e-10 0.000000e+00 0.000000e+00 
1.354947e-01 1.369147e-10 0.000000e+00 0.000000e+00 
1.354286e-01 1.371379e-10 0.000000e+00 0.000000e+00 
1.353620e-01 1.373593e-10 0.000000e+00 0.000000e+00 
1.352949e-01 1.375786e-10 0.000000e+00 0.000000e+00 
1.352272e-01 1.377959e-10 0.000000e+00 0.000000e+00 
1.351591e-01 1.380113e-10 0.000000e+00 0.000000e+00 
1.350904e-01 1.382246e-10 0.000000e+00 0.000000e+00 
1.350211e-01 1.384360e-10 0.000000e+00 0.000000e+00 
1.349513e-01 1.386453e-10 0.000000e+00 0.000000e+00 
1.348810e-01 1.388525e-10 0.000000e+00 0.000000e+00 
1.348102e-01 1.390578e-10 0.000000e+00 0.000000e+00 
1.347388e-01 1.392610e-10 0.000000e+00 0.000000e+00 
1.346669e-01 1.394621e-10 0.000000e+00 0.000000e+00 
1.345944e-01 1.396611e-10 0.000000e+00 0.000000e+00 
1.345214e-01 1.398581e-10 0.000000e+00 0.000000e+00 
1.344479e-01 1.400530e-10 0.000000e+00 0.000000e+00 
1.343738e-01 1.402458e-10 0.000000e+00 0.000000e+00 
1.342991e-01 1.404364e-10 0.000000e+00 0.000000e+00 
1.342239e-01 1.406250e-10 0.000000e+00 0.000000e+00 
1.341482e-01 1.408114e-10 0.000000e+00 0.000000e+00 
1.340719e-01 1.409957e-10 0.000000e+00 0.000000e+00 
1.339950e-01 1.411779e-10 0.000000e+00 0.000000e+00 
1.339176e-01 1.413579e-10 0.000000e+00 0.000000e+00 
1.338396e-01 1.415358e-10 0.000000e+00 0.000000e+00 
1.337611e-01 1.417114e-10 0.000000e+00 0.000000e+00 
1.336820e-01 1.418849e-10 0.000000e+00 0.000000e+00 
1.336024e-01 1.420562e-10 0.000000e+00 0.000000e+00 
1.335222e-01 1.422254e-10 0.000000e+00 0.000000e+00 
1.334414e-01 1.423923e-10 0.000000e+00 0.000000e+00 
1.333600e-01 1.425570e-10 0.000000e+00 0.000000e+00 
1.332781e-01 1.427194e-10 0.000000e+00 0.000000e+00 
1.331956e-01 1.428797e-10 0.000000e+00 0.000000e+00 
1.331125e-01 1.430377e-10 0.000000e+00 0.000000e+00 
1.330289e-01 1.431935e-10 0.000000e+00 0.000000e+00 
1.329447e-01 1.433470e-10 0.000000e+00 0.000000e+00 
1.328599e-01 1.434982e-10 0.000000e+00 0.000000e+00 
1.327745e-01 1.436472e-10 0.000000e+00 0.000000e+00 
1.326886e-01 1.437939e-10 0.000000e+00 0.000000e+00 
1.326020e-01 1.439383e-10 0.000000e+00 0.000000e+00 
1.325149e-01 1.440804e-10 0.000000e+00 0.000000e+00 
1.324272e-01 1.442202e-10 0.000000e+00 0.000000e+00 
1.323389e-01 1.443577e-10 0.000000e+00 0.000000e+00 
1.322500e-01 1.444929e-10 0.000000e+00 0.000000e+00 
1.321606e-01 1.446257e-10 0.000000e+00 0.000000e+00 
1.320705e-01 1.447562e-10 0.000000e+00 0.000000e+00 
1.319798e-01 1.448844e-10 0.000000e+00 0.000000e+00 
1.318886e-01 1.450102e-10 0.000000e+00 0.000000e+00 
1.317967e-01 1.451337e-10 0.000000e+00 0.000000e+00 
1.317043e-01 1.452547e-10 0.000000e+00 0.000000e+00 
1.316112e-01 1.453735e-10 0.000000e+00 0.000000e+00 
1.315176e-01 1.454898e-10 0.000000e+00 0.000000e+00 
1.314233e-01 1.456037e-10 0.000000e+00 0.000000e+00 
1.313285e-01 1.457153e-10 0.000000e+00 0.000000e+00 
1.312330e-01 1.458244e-10 0.000000e+00 0.000000e+00 
1.311370e-01 1.459311e-10 0.000000e+00 0.000000e+00 
1.310403e-01 1.460354e-10 0.000000e+00 0.000000e+00 
1.309430e-01 1.461373e-10 0.000000e+00 0.000000e+00 
1.308451e-01 1.462368e-10 0.000000e+00 0.000000e+00 
1.307466e-01 1.463338e-10 0.000000e+00 0.000000e+00 
1.306474e-01 1.464284e-10 0.000000e+00 0.000000e+00 
1.305477e-01 1.465205e-10 0.000000e+00 0.000000e+00 
1.304473e-01 1.466101e-10 0.000000e+00 0.000000e+00 
1.303463e-01 1.466973e-10 0.000000e+00 0.000000e+00 
1.302447e-01 1.467820e-10 0.000000e+00 0.000000e+00 
1.301425e-01 1.468642e-10 0.000000e+00 0.000000e+00 
1.300396e-01 1.469439e-10 0.000000e+00 0.000000e+00 
1.299362e-01 1.470212e-10 0.000000e+00 0.000000e+00 
1.298320e-01 1.470959e-10 0.000000e+00 0.000000e+00 
1.297273e-01 1.471681e-10 0.000000e+00 0.000000e+00 
1.296219e-01 1.472379e-10 0.000000e+00 0.000000e+00 
1.295159e-01 1.473050e-10 0.000000e+00 0.000000e+00 
1.294093e-01 1.473697e-10 0.000000e+00 0.000000e+00 
1.293020e-01 1.474318e-10 0.000000e+00 0.000000e+00 
1.291941e-01 1.474914e-10 0.000000e+00 0.000000e+00 
1.290856e-01 1.475485e-10 0.000000e+00 0.000000e+00 
1.289764e-01 1.476030e-10 0.000000e+00 0.000000e+00 
1.288665e-01 1.476549e-10 0.000000e+00 0.000000e+00 
1.287561e-01 1.477043e-10 0.000000e+00 0.000000e+00 
1.286449e-01 1.477511e-10 0.000000e+00 0.000000e+00 
1.285332e-01 1.477953e-10 0.000000e+00 0.000000e+00 
1.284208e-01 1.478369e-10 0.000000e+00 0.000000e+00 
1.283077e-01 1.478760e-10 0.000000e+00 0.000000e+00 
1.281940e-01 1.479124e-10 0.000000e+00 0.000000e+00 
1.280796e-01 1.479463e-10 0.000000e+00 0.000000e+00 
1.279646e-01 1.479776e-10 0.000000e+00 0.000000e+00 
1.278489e-01 1.480062e-10 0.000000e+00 0.000000e+00 
1.277326e-01 1.480322e-10 0.000000e+00 0.000000e+00 
1.276156e-01 1.480556e-10 0.000000e+00 0.000000e+00 
1.274980e-01 1.480764e-10 0.000000e+00 0.000000e+00 
1.273797e-01 1.480946e-10 0.000000e+00 0.000000e+00 
1.272607e-01 1.481101e-10 0.000000e+00 0.000000e+00 
1.271410e-01 1.481230e-10 0.000000e+00 0.000000e+00 
1.270207e-01 1.481332e-10 0.000000e+00 0.000000e+00 
1.268998e-01 1.481408e-10 0.000000e+00 0.000000e+00 
1.267781e-01 1.481457e-10 0.000000e+00 0.000000e+00 
1.266558e-01 1.481480e-10 0.000000e+00 0.000000e+00 
1.265329e-01 1.481476e-10 0.000000e+00 0.000000e+00 
1.264092e-01 1.481445e-10 0.000000e+00 0.000000e+00 
1.262849e-01 1.481388e-10 0.000000e+00 0.000000e+00 
1.261599e-01 1.481304e-10 0.000000e+00 0.000000e+00 
1.260342e-01 1.481192e-10 0.000000e+00 0.000000e+00 
1.259079e-01 1.481055e-10 0.000000e+00 0.000000e+00 
1.257808e-01 1.480890e-10 0.000000e+00 0.000000e+00 
1.256531e-01 1.480698e-10 0.000000e+00 0.000000e+00 
1.255247e-01 1.480479e-10 0.000000e+00 0.000000e+00 
1.253956e-01 1.480233e-10 0.000000e+00 0.000000e+00 
1.252659e-01 1.479960e-10 0.000000e+00 0.000000e+00 
1.251354e-01 1.479660e-10 0.000000e+00 0.000000e+00 
1.250042e-01 1.479333e-10 0.000000e+00 0.000000e+00 
1.248724e-01 1.478979e-10 0.000000e+00 0.000000e+00 
1.247399e-01 1.478597e-10 0.000000e+00 0.000000e+00 
1.246067e-01 1.478188e-10 0.000000e+00 0.000000e+00 
1.244728e-01 1.477752e-10 0.000000e+00 0.000000e+00 
1.243381e-01 1.477289e-10 0.000000e+00 0.000000e+00 
1.242028e-01 1.476798e-10 0.000000e+00 0.000000e+00 
1.240668e-01 1.476279e-10 0.000000e+00 0.000000e+00 
1.239301e-01 1.475734e-10 0.000000e+00 0.000000e+00 
1.237927e-01 1.475161e-10 0.000000e+00 0.000000e+00 
1.236546e-01 1.474560e-10 0.000000e+00 0.000000e+00 
1.235158e-01 1.473932e-10 0.000000e+00 0.000000e+00 
1.233763e-01 1.473276e-10 0.000000e+00 0.000000e+00 
1.232360e-01 1.472593e-10 0.000000e+00 0.000000e+00 
1.230951e-01 1.471882e-10 0.000000e+00 0.000000e+00 
1.229535e-01 1.471143e-10 0.000000e+00 0.000000e+00 
1.228111e-01 1.470377e-10 0.000000e+00 0.000000e+00 
1.226680e-01 1.469583e-10 0.000000e+00 0.000000e+00 
1.225243e-01 1.468762e-10 0.000000e+00 0.000000e+00 
1.223798e-01 1.467913e-10 0.000000e+00 0.000000e+00 
1.222346e-01 1.467036e-10 0.000000e+00 0.000000e+00 
1.220886e-01 1.466131e-10 0.000000e+00 0.000000e+00 
1.219420e-01 1.465198e-10 0.000000e+00 0.000000e+00 
1.217946e-01 1.464238e-10 0.000000e+00 0.000000e+00 
1.216465e-01 1.463250e-10 0.000000e+00 0.000000e+00 
1.214977e-01 1.462234e-10 0.000000e+00 0.000000e+00 
1.213481e-01 1.461190e-10 0.000000e+00 0.000000e+00 
1.211979e-01 1.460118e-10 0.000000e+00 0.000000e+00 
1.210469e-01 1.459018e-10 0.000000e+00 0.000000e+00 
1.208952e-01 1.457891e-10 0.000000e+00 0.000000e+00 
1.207427e-01 1.456735e-10 0.000000e+00 0.000000e+00 
1.205895e-01 1.455552e-10 0.000000e+00 0.000000e+00 
1.204356e-01 1.454340e-10 0.000000e+00 0.000000e+00 
1.202809e-01 1.453101e-10 0.000000e+00 0.000000e+00 
1.201256e-01 1.451834e-10 0.000000e+00 0.000000e+00 
1.199694e-01 1.450539e-10 0.000000e+00 0.000000e+00 
1.198126e-01 1.449215e-10 0.000000e+00 0.000000e+00 
1.196550e-01 1.447864e-10 0.000000e+00 0.000000e+00 
1.194966e-01 1.446485e-10 0.000000e+00 0.000000e+00 
1.193375e-01 1.445078e-10 0.000000e+00 0.000000e+00 
1.191777e-01 1.443643e-10 0.000000e+00 0.000000e+00 
1.190171e-01 1.442180e-10 0.000000e+00 0.000000e+00 
1.188558e-01 1.440689e-10 0.000000e+00 0.000000e+00 
1.186937e-01 1.439169e-10 0.000000e+00 0.000000e+00 
1.185309e-01 1.437622e-10 0.000000e+00 0.000000e+00 
1.183674e-01 1.436047e-10 0.000000e+00 0.000000e+00 
1.182030e-01 1.434444e-10 0.000000e+00 0.000000e+00 
1.180380e-01 1.432813e-10 0.000000e+00 0.000000e+00 
1.178722e-01 1.431154e-10 0.000000e+00 0.000000e+00 
1.177056e-01 1.429467e-10 0.000000e+00 0.000000e+00 
1.175382e-01 1.427752e-10 0.000000e+00 0.000000e+00 
1.173701e-01 1.426009e-10 0.000000e+00 0.000000e+00 
1.172013e-01 1.424237e-10 0.000000e+00 0.000000e+00 
1.170317e-01 1.422439e-10 0.000000e+00 0.000000e+00 
1.168613e-01 1.420612e-10 0.000000e+00 0.000000e+00 
1.166902e-01 1.418757e-10 0.000000e+00 0.000000e+00 
1.165183e-01 1.416874e-10 0.000000e+00 0.000000e+00 
1.163456e-01 1.414963e-10 0.000000e+00 0.000000e+00 
1.161722e-01 1.413025e-10 0.000000e+00 0.000000e+00 
1.159980e-01 1.411058e-10 0.000000e+00 0.000000e+00 
1.158230e-01 1.409064e-10 0.000000e+00 0.000000e+00 
1.156473e-01 1.407042e-10 0.000000e+00 0.000000e+00 
1.154707e-01 1.404992e-10 0.000000e+00 0.000000e+00 
1.152935e-01 1.402914e-10 0.000000e+00 0.000000e+00 
1.151154e-01 1.400808e-10 0.000000e+00 0.000000e+00 
1.149366e-01 1.398675e-10 0.000000e+00 0.000000e+00 
1.147570e-01 1.396514e-10 0.000000e+00 0.000000e+00 
1.145766e-01 1.394325e-10 0.000000e+00 0.000000e+00 
1.143954e-01 1.392108e-10 0.000000e+00 0.000000e+00 
1.142135e-01 1.389864e-10 0.000000e+00 0.000000e+00 
1.140307e-01 1.387592e-10 0.000000e+00 0.000000e+00 
1.138472e-01 1.385293e-10 0.000000e+00 0.000000e+00 
1.136629e-01 1.382966e-10 0.000000e+00 0.000000e+00 
1.134778e-01 1.380611e-10 0.000000e+00 0.000000e+00 
1.132920e-01 1.378229e-10 0.000000e+00 0.000000e+00 
1.131053e-01 1.375819e-10 0.000000e+00 0.000000e+00 
1.129179e-01 1.373382e-10 0.000000e+00 0.000000e+00 
1.127296e-01 1.370918e-10 0.000000e+00 0.000000e+00 
1.125406e-01 1.368426e-10 0.000000e+00 0.000000e+00 
1.123508e-01 1.365906e-10 0.000000e+00 0.000000e+00 
1.121602e-01 1.363360e-10 0.000000e+00 0.000000e+00 
1.119688e-01 1.360786e-10 0.000000e+00 0.000000e+00 
1.117766e-01 1.358185e-10 0.000000e+00 0.000000e+00 
1.115836e-01 1.355556e-10 0.000000e+00 0.000000e+00 
1.113898e-01 1.352901e-10 0.000000e+00 0.000000e+00 
1.111952e-01 1.350218e-10 0.000000e+00 0.000000e+00 
1.109998e-01 1.347508e-10 0.000000e+00 0.000000e+00 
1.108035e-01 1.344772e-10 0.000000e+00 0.000000e+00 
1.106065e-01 1.342008e-10 0.000000e+00 0.000000e+00 
1.104087e-01 1.339217e-10 0.000000e+00 0.000000e+00 
1.102101e-01 1.336400e-10 0.000000e+00 0.000000e+00 
1.100107e-01 1.333555e-10 0.000000e+00 0.000000e+00 
1.098105e-01 1.330684e-10 0.000000e+00 0.000000e+00 
1.096094e-01 1.327786e-10 0.000000e+00 0.000000e+00 
1.094076e-01 1.324862e-10 0.000000e+00 0.000000e+00 
1.092049e-01 1.321911e-10 0.000000e+00 0.000000e+00 
1.090014e-01 1.318933e-10 0.000000e+00 0.000000e+00 
1.087971e-01 1.315929e-10 0.000000e+00 0.000000e+00 
1.085920e-01 1.312898e-10 0.000000e+00 0.000000e+00 
1.083861e-01 1.309841e-10 0.000000e+00 0.000000e+00 
1.081794e-01 1.306757e-10 0.000000e+00 0.000000e+00 
1.079718e-01 1.303648e-10 0.000000e+00 0.000000e+00 
1.077635e-01 1.300512e-10 0.000000e+00 0.000000e+00 
1.075543e-01 1.297350e-10 0.000000e+00 0.000000e+00 
1.073443e-01 1.294162e-10 0.000000e+00 0.000000e+00 
1.071334e-01 1.290948e-10 0.000000e+00 0.000000e+00 
1.069218e-01 1.287708e-10 0.000000e+00 0.000000e+00 
1.067093e-01 1.284442e-10 0.000000e+00 0.000000e+00 
1.064960e-01 1.281150e-10 0.000000e+00 0.000000e+00 
1.062818e-01 1.277833e-10 0.000000e+00 0.000000e+00 
1.060668e-01 1.274490e-10 0.000000e+00 0.000000e+00 
1.058510e-01 1.271121e-10 0.000000e+00 0.000000e+00 
1.056344e-01 1.267727e-10 0.000000e+00 0.000000e+00 
1.054169e-01 1.264308e-10 0.000000e+00 0.000000e+00 
1.051987e-01 1.260863e-10 0.000000e+00 0.000000e+00 
1.049795e-01 1.257393e-10 0.000000e+00 0.000000e+00 
1.047596e-01 1.253898e-10 0.000000e+00 0.000000e+00 
1.045388e-01 1.250377e-10 0.000000e+00 0.000000e+00 
1.043171e-01 1.246832e-10 0.000000e+00 0.000000e+00 
1.040946e-01 1.243262e-10 0.000000e+00 0.000000e+00 
1.038713e-01 1.239667e-10 0.000000e+00 0.000000e+00 
1.036472e-01 1.236047e-10 0.000000e+00 0.000000e+00 
1.034222e-01 1.232402e-10 0.000000e+00 0.000000e+00 
1.031963e-01 1.228733e-10 0.000000e+00 0.000000e+00 
1.029697e-01 1.225040e-10 0.000000e+00 0.000000e+00 
1.027421e-01 1.221322e-10 0.000000e+00 0.000000e+00 
1.025137e-01 1.217579e-10 0.000000e+00 0.000000e+00 
1.022845e-01 1.213813e-10 0.000000e+00 0.000000e+00 
1.020545e-01 1.210022e-10 0.000000e+00 0.000000e+00 
1.018235e-01 1.206208e-10 0.000000e+00 0.000000e+00 
1.015918e-01 1.202369e-10 0.000000e+00 0.000000e+00 
1.013591e-01 1.198507e-10 0.000000e+00 0.000000e+00 
1.011257e-01 1.194621e-10 0.000000e+00 0.000000e+00 
1.008913e-01 1.190712e-10 0.000000e+00 0.000000e+00 
1.006562e-01 1.186779e-10 0.000000e+00 0.000000e+00 
1.004201e-01 1.182823e-10 0.000000e+00 0.000000e+00 
1.001832e-01 1.178843e-10 0.000000e+00 0.000000e+00 
9.994548e-02 1.174840e-10 0.000000e+00 0.000000e+00 
9.970687e-02 1.170814e-10 0.000000e+00 0.000000e+00 
9.946740e-02 1.166766e-10 0.000000e+00 0.000000e+00 
9.922707e-02 1.162694e-10 0.000000e+00 0.000000e+00 
9.898588e-02 1.158600e-10 0.000000e+00 0.000000e+00 
9.874383e-02 1.154483e-10 0.000000e+00 0.000000e+00 
9.850091e-02 1.150344e-10 0.000000e+00 0.000000e+00 
9.825713e-02 1.146182e-10 0.000000e+00 0.000000e+00 
9.801248e-02 1.141998e-10 0.000000e+00 0.000000e+00 
9.776696e-02 1.137792e-10 0.000000e+00 0.000000e+00 
9.752058e-02 1.133564e-10 0.000000e+00 0.000000e+00 
9.727333e-02 1.129314e-10 0.000000e+00 0.000000e+00 
9.702521e-02 1.125043e-10 0.000000e+00 0.000000e+00 
9.677622e-02 1.120750e-10 0.000000e+00 0.000000e+00 
9.652635e-02 1.116435e-10 0.000000e+00 0.000000e+00 
9.627561e-02 1.112099e-10 0.000000e+00 0.000000e+00 
9.602400e-02 1.107742e-10 0.000000e+00 0.000000e+00 
9.577152e-02 1.103364e-10 0.000000e+00 0.000000e+00 
9.551815e-02 1.098965e-10 0.000000e+00 0.000000e+00 
9.526392e-02 1.094545e-10 0.000000e+00 0.000000e+00 
9.500880e-02 1.090104e-10 0.000000e+00 0.000000e+00 
9.475280e-02 1.085643e-10 0.000000e+00 0.000000e+00 
9.449593e-02 1.081162e-10 0.000000e+00 0.000000e+00 
9.423817e-02 1.076660e-10 0.000000e+00 0.000000e+00 
9.397953e-02 1.072138e-10 0.000000e+00 0.000000e+00 
9.372001e-02 1.067597e-10 0.000000e+00 0.000000e+00 
9.345961e-02 1.063035e-10 0.000000e+00 0.000000e+00 
9.319832e-02 1.058454e-10 0.000000e+00 0.000000e+00 
9.293615e-02 1.053854e-10 0.000000e+00 0.000000e+00 
9.267309e-02 1.049234e-10 0.000000e+00 0.000000e+00 
9.240914e-02 1.044595e-10 0.000000e+00 0.000000e+00 
9.214430e-02 1.039937e-10 0.000000e+00 0.000000e+00 
9.187857e-02 1.035260e-10 0.000000e+00 0.000000e+00 
9.161196e-02 1.030564e-10 0.000000e+00 0.000000e+00 
9.134445e-02 1.025850e-10 0.000000e+00 0.000000e+00 
9.107605e-02 1.021117e-10 0.000000e+00 0.000000e+00 
9.080675e-02 1.016367e-10 0.000000e+00 0.000000e+00 
9.053656e-02 1.011598e-10 0.000000e+00 0.000000e+00 
9.026548e-02 1.006811e-10 0.000000e+00 0.000000e+00 
8.999350e-02 1.002007e-10 0.000000e+00 0.000000e+00 
8.972063e-02 9.971848e-11 0.000000e+00 0.000000e+00 
8.944685e-02 9.923456e-11 0.000000e+00 0.000000e+00 
8.917218e-02 9.874891e-11 0.000000e+00 0.000000e+00 
8.889660e-02 9.826156e-11 0.000000e+00 0.000000e+00 
8.862013e-02 9.777253e-11 0.000000e+00 0.000000e+00 
8.834276e-02 9.728183e-11 0.000000e+00 0.000000e+00 
8.806448e-02 9.678948e-11 0.000000e+00 0.000000e+00 
8.778530e-02 9.629551e-11 0.000000e+00 0.000000e+00 
8.750521e-02 9.579992e-11 0.000000e+00 0.000000e+00 
8.722422e-02 9.530274e-11 0.000000e+00 0.000000e+00 
8.694232e-02 9.480399e-11 0.000000e+00 0.000000e+00 
8.665952e-02 9.430368e-11 0.000000e+00 0.000000e+00 
8.637581e-02 9.380184e-11 0.000000e+00 0.000000e+00 
8.609118e-02 9.329848e-11 0.000000e+00 0.000000e+00 
8.580565e-02 9.279362e-11 0.000000e+00 0.000000e+00 
8.551921e-02 9.228729e-11 0.000000e+00 0.000000e+00 
8.523186e-02 9.177950e-11 0.000000e+00 0.000000e+00 
8.494359e-02 9.127027e-11 0.000000e+00 0.000000e+00 
8.465441e-02 9.075962e-11 0.000000e+00 0.000000e+00 
8.436432e-02 9.024758e-11 0.000000e+00 0.000000e+00 
8.407331e-02 8.973415e-11 0.000000e+00 0.000000e+00 
8.378138e-02 8.921938e-11 0.000000e+00 0.000000e+00 
8.348854e-02 8.870326e-11 0.000000e+00 0.000000e+00 
8.319478e-02 8.818584e-11 0.000000e+00 0.000000e+00 
8.290011e-02 8.766711e-11 0.000000e+00 0.000000e+00 
8.260451e-02 8.714712e-11 0.000000e+00 0.000000e+00 
8.230799e-02 8.662588e-11 0.000000e+00 0.000000e+00 
8.201055e-02 8.610340e-11 0.000000e+00 0.000000e+00 
8.171219e-02 8.557972e-11 0.000000e+00 0.000000e+00 
8.141290e-02 8.505486e-11 0.000000e+00 0.000000e+00 
8.111270e-02 8.452883e-11 0.000000e+00 0.000000e+00 
8.081156e-02 8.400167e-11 0.000000e+00 0.000000e+00 
8.050950e-02 8.347338e-11 0.000000e+00 0.000000e+00 
8.020652e-02 8.294400e-11 0.000000e+00 0.000000e+00 
7.990261e-02 8.241355e-11 0.000000e+00 0.000000e+00 
7.959777e-02 8.188205e-11 0.000000e+00 0.000000e+00 
7.929200e-02 8.134952e-11 0.000000e+00 0.000000e+00 
7.898530e-02 8.081599e-11 0.000000e+00 0.000000e+00 
7.867767e-02 8.028148e-11 0.000000e+00 0.000000e+00 
7.836911e-02 7.974602e-11 0.000000e+00 0.000000e+00 
7.805962e-02 7.920963e-11 0.000000e+00 0.000000e+00 
7.774919e-02 7.867233e-11 0.000000e+00 0.000000e+00 
7.743783e-02 7.813415e-11 0.000000e+00 0.000000e+00 
7.712554e-02 7.759512e-11 0.000000e+00 0.000000e+00 
7.681231e-02 7.705525e-11 0.000000e+00 0.000000e+00 
7.649814e-02 7.651457e-11 0.000000e+00 0.000000e+00 
7.618303e-02 7.597311e-11 0.000000e+00 0.000000e+00 
7.586699e-02 7.543090e-11 0.000000e+00 0.000000e+00 
7.555001e-02 7.488795e-11 0.000000e+00 0.000000e+00 
7.523209e-02 7.434430e-11 0.000000e+00 0.000000e+00 
7.491323e-02 7.379996e-11 0.000000e+00 0.000000e+00 
7.459343e-02 7.325498e-11 0.000000e+00 0.000000e+00 
7.427268e-02 7.270936e-11 0.000000e+00 0.000000e+00 
7.395100e-02 7.216315e-11 0.000000e+00 0.000000e+00 
7.362837e-02 7.161636e-11 0.000000e+00 0.000000e+00 
7.330479e-02 7.106903e-11 0.000000e+00 0.000000e+00 
7.298027e-02 7.052118e-11 0.000000e+00 0.000000e+00 
7.265481e-02 6.997283e-11 0.000000e+00 0.000000e+00 
7.232839e-02 6.942402e-11 0.000000e+00 0.000000e+00 
7.200103e-02 6.887477e-11 0.000000e+00 0.000000e+00 
7.167272e-02 6.832511e-11 0.000000e+00 0.000000e+00 
7.134346e-02 6.777507e-11 0.000000e+00 0.000000e+00 
7.101326e-02 6.722467e-11 0.000000e+00 0.000000e+00 
7.068210e-02 6.667395e-11 0.000000e+00 0.000000e+00 
7.034999e-02 6.612294e-11 0.000000e+00 0.000000e+00 
7.001692e-02 6.557166e-11 0.000000e+00 0.000000e+00 
6.968291e-02 6.502014e-11 0.000000e+00 0.000000e+00 
6.934794e-02 6.446841e-11 0.000000e+00 0.000000e+00 
6.901201e-02 6.391650e-11 0.000000e+00 0.000000e+00 
6.867514e-02 6.336444e-11 0.000000e+00 0.000000e+00 
6.833730e-02 6.281226e-11 0.000000e+00 0.000000e+00 
6.799851e-02 6.225999e-11 0.000000e+00 0.000000e+00 
6.765876e-02 6.170767e-11 0.000000e+00 0.000000e+00 
6.731805e-02 6.115531e-11 0.000000e+00 0.000000e+00 
6.697638e-02 6.060296e-11 0.000000e+00 0.000000e+00 
6.663376e-02 6.005064e-11 0.000000e+00 0.000000e+00 
6.629017e-02 5.949838e-11 0.000000e+00 0.000000e+00 
6.594562e-02 5.894621e-11 0.000000e+00 0.000000e+00 
6.560011e-02 5.839418e-11 0.000000e+00 0.000000e+00 
6.525363e-02 5.784230e-11 0.000000e+00 0.000000e+00 
6.490620e-02 5.729061e-11 0.000000e+00 0.000000e+00 
6.455779e-02 5.673915e-11 0.000000e+00 0.000000e+00 
6.420843e-02 5.618794e-11 0.000000e+00 0.000000e+00 
6.385809e-02 5.563702e-11 0.000000e+00 0.000000e+00 
6.350680e-02 5.508641e-11 0.000000e+00 0.000000e+00 
6.315453e-02 5.453616e-11 0.000000e+00 0.000000e+00 
6.280130e-02 5.398630e-11 0.000000e+00 0.000000e+00 
6.244709e-02 5.343686e-11 0.000000e+00 0.000000e+00 
6.209192e-02 5.288787e-11 0.000000e+00 0.000000e+00 
6.173578e-02 5.233937e-11 0.000000e+00 0.000000e+00 
6.137867e-02 5.179139e-11 0.000000e+00 0.000000e+00 
6.102058e-02 5.124396e-11 0.000000e+00 0.000000e+00 
6.066152e-02 5.069713e-11 0.000000e+00 0.000000e+00 
6.030149e-02 5.015092e-11 0.000000e+00 0.000000e+00 
5.994049e-02 4.960537e-11 0.000000e+00 0.000000e+00 
5.957851e-02 4.906051e-11 0.000000e+00 0.000000e+00 
5.921556e-02 4.851639e-11 0.000000e+00 0.000000e+00 
5.885163e-02 4.797303e-11 0.000000e+00 0.000000e+00 
5.848673e-02 4.743047e-11 0.000000e+00 0.000000e+00 
5.812085e-02 4.688875e-11 0.000000e+00 0.000000e+00 
5.775399e-02 4.634791e-11 0.000000e+00 0.000000e+00 
5.738615e-02 4.580797e-11 0.000000e+00 0.000000e+00 
5.701733e-02 4.526898e-11 0.000000e+00 0.000000e+00 
5.664753e-02 4.473098e-11 0.000000e+00 0.000000e+00 
5.627676e-02 4.419400e-11 0.000000e+00 0.000000e+00 
5.590500e-02 4.365808e-11 0.000000e+00 0.000000e+00 
5.553226e-02 4.312325e-11 0.000000e+00 0.000000e+00 
5.515853e-02 4.258956e-11 0.000000e+00 0.000000e+00 
5.478383e-02 4.205704e-11 0.000000e+00 0.000000e+00 
5.440814e-02 4.152573e-11 0.000000e+00 0.000000e+00 
5.403146e-02 4.099567e-11 0.000000e+00 0.000000e+00 
5.365380e-02 4.046689e-11 0.000000e+00 0.000000e+00 
5.327516e-02 3.993945e-11 0.000000e+00 0.000000e+00 
5.289552e-02 3.941337e-11 0.000000e+00 0.000000e+00 
5.251490e-02 3.888869e-11 0.000000e+00 0.000000e+00 
5.213330e-02 3.836546e-11 0.000000e+00 0.000000e+00 
5.175070e-02 3.784372e-11 0.000000e+00 0.000000e+00 
5.136711e-02 3.732350e-11 0.000000e+00 0.000000e+00 
5.098254e-02 3.680484e-11 0.000000e+00 0.000000e+00 
5.059697e-02 3.628779e-11 0.000000e+00 0.000000e+00 
5.021042e-02 3.577239e-11 0.000000e+00 0.000000e+00 
4.982287e-02 3.525867e-11 0.000000e+00 0.000000e+00 
4.943432e-02 3.474669e-11 0.000000e+00 0.000000e+00 
4.904479e-02 3.423647e-11 0.000000e+00 0.000000e+00 
4.865426e-02 3.372807e-11 0.000000e+00 0.000000e+00 
4.826274e-02 3.322152e-11 0.000000e+00 0.000000e+00 
4.787022e-02 3.271687e-11 0.000000e+00 0.000000e+00 
4.747671e-02 3.221415e-11 0.000000e+00 0.000000e+00 
4.708220e-02 3.171342e-11 0.000000e+00 0.000000e+00 
4.668669e-02 3.121471e-11 0.000000e+00 0.000000e+00 
4.629019e-02 3.071808e-11 0.000000e+00 0.000000e+00 
4.589269e-02 3.022355e-11 0.000000e+00 0.000000e+00 
4.549419e-02 2.973117e-11 0.000000e+00 0.000000e+00 
4.509469e-02 2.924100e-11 0.000000e+00 0.000000e+00 
4.469419e-02 2.875307e-11 0.000000e+00 0.000000e+00 
4.429269e-02 2.826743e-11 0.000000e+00 0.000000e+00 
4.389018e-02 2.778411e-11 0.000000e+00 0.000000e+00 
4.348668e-02 2.730318e-11 0.000000e+00 0.000000e+00 
4.308217e-02 2.682467e-11 0.000000e+00 0.000000e+00 
4.267666e-02 2.634862e-11 0.000000e+00 0.000000e+00 
4.227015e-02 2.587509e-11 0.000000e+00 0.000000e+00 
4.186263e-02 2.540412e-11 0.000000e+00 0.000000e+00 
4.145411e-02 2.493575e-11 0.000000e+00 0.000000e+00 
4.104458e-02 2.447003e-11 0.000000e+00 0.000000e+00 
4.063405e-02 2.400701e-11 0.000000e+00 0.000000e+00 
4.022251e-02 2.354674e-11 0.000000e+00 0.000000e+00 
3.980996e-02 2.308926e-11 0.000000e+00 0.000000e+00 
3.939641e-02 2.263462e-11 0.000000e+00 0.000000e+00 
3.898184e-02 2.218286e-11 0.000000e+00 0.000000e+00 
3.856627e-02 2.173404e-11 0.000000e+00 0.000000e+00 
3.814969e-02 2.128821e-11 0.000000e+00 0.000000e+00 
3.773210e-02 2.084540e-11 0.000000e+00 0.000000e+00 
3.731349e-02 2.040568e-11 0.000000e+00 0.000000e+00 
3.689388e-02 1.996908e-11 0.000000e+00 0.000000e+00 
3.647325e-02 1.953566e-11 0.000000e+00 0.000000e+00 
3.605161e-02 1.910547e-11 0.000000e+00 0.000000e+00 
3.562896e-02 1.867856e-11 0.000000e+00 0.000000e+00 
3.520529e-02 1.825498e-11 0.000000e+00 0.000000e+00 
3.478061e-02 1.783477e-11 0.000000e+00 0.000000e+00 
3.435492e-02 1.741799e-11 0.000000e+00 0.000000e+00 
3.392821e-02 1.700469e-11 0.000000e+00 0.000000e+00 
3.350048e-02 1.659491e-11 0.000000e+00 0.000000e+00 
3.307174e-02 1.618872e-11 0.000000e+00 0.000000e+00 
3.264198e-02 1.578616e-11 0.000000e+00 0.000000e+00 
3.221120e-02 1.538729e-11 0.000000e+00 0.000000e+00 
3.177940e-02 1.499215e-11 0.000000e+00 0.000000e+00 
3.134659e-02 1.460080e-11 0.000000e+00 0.000000e+00 
3.091276e-02 1.421329e-11 0.000000e+00 0.000000e+00 
3.047790e-02 1.382967e-11 0.000000e+00 0.000000e+00 
3.004203e-02 1.345000e-11 0.000000e+00 0.000000e+00 
2.960513e-02 1.307433e-11 0.000000e+00 0.000000e+00 
2.916722e-02 1.270272e-11 0.000000e+00 0.000000e+00 
2.872828e-02 1.233521e-11 0.000000e+00 0.000000e+00 
2.828832e-02 1.197186e-11 0.000000e+00 0.000000e+00 
2.784733e-02 1.161273e-11 0.000000e+00 0.000000e+00 
2.740533e-02 1.125787e-11 0.000000e+00 0.000000e+00 
2.696229e-02 1.090734e-11 0.000000e+00 0.000000e+00 
2.651824e-02 1.056118e-11 0.000000e+00 0.000000e+00 
2.607316e-02 1.021947e-11 0.000000e+00 0.000000e+00 
2.562705e-02 9.882242e-12 0.000000e+00 0.000000e+00 
2.517992e-02 9.549565e-12 0.000000e+00 0.000000e+00 
2.473175e-02 9.221494e-12 0.000000e+00 0.000000e+00 
2.428257e-02 8.898083e-12 0.000000e+00 0.000000e+00 
2.383235e-02 8.579391e-12 0.000000e+00 0.000000e+00 
2.338111e-02 8.265473e-12 0.000000e+00 0.000000e+00 
2.292883e-02 7.956389e-12 0.000000e+00 0.000000e+00 
2.247553e-02 7.652195e-12 0.000000e+00 0.000000e+00 
2.202120e-02 7.352949e-12 0.000000e+00 0.000000e+00 
2.156584e-02 7.058709e-12 0.000000e+00 0.000000e+00 
2.110944e-02 6.769535e-12 0.000000e+00 0.000000e+00 
2.065202e-02 6.485485e-12 0.000000e+00 0.000000e+00 
2.019356e-02 6.206617e-12 0.000000e+00 0.000000e+00 
1.973407e-02 5.932993e-12 0.000000e+00 0.000000e+00 
1.927355e-02 5.664670e-12 0.000000e+00 0.000000e+00 
1.881199e-02 5.401709e-12 0.000000e+00 0.000000e+00 
1.834940e-02 5.144170e-12 0.000000e+00 0.000000e+00 
1.788577e-02 4.892115e-12 0.000000e+00 0.000000e+00 
1.742111e-02 4.645602e-12 0.000000e+00 0.000000e+00 
1.695542e-02 4.404695e-12 0.000000e+00 0.000000e+00 
1.648869e-02 4.169453e-12 0.000000e+00 0.000000e+00 
1.602092e-02 3.939939e-12 0.000000e+00 0.000000e+00 
1.555212e-02 3.716215e-12 0.000000e+00 0.000000e+00 
1.508227e-02 3.498343e-12 0.000000e+00 0.000000e+00 
1.461139e-02 3.286385e-12 0.000000e+00 0.000000e+00 
1.413947e-02 3.080404e-12 0.000000e+00 0.000000e+00 
1.366652e-02 2.880464e-12 0.000000e+00 0.000000e+00 
1.319252e-02 2.686627e-12 0.000000e+00 0.000000e+00 
1.271748e-02 2.498958e-12 0.000000e+00 0.000000e+00 
1.224141e-02 2.317520e-12 0.000000e+00 0.000000e+00 
1.176429e-02 2.142378e-12 0.000000e+00 0.000000e+00 
1.128613e-02 1.973595e-12 0.000000e+00 0.000000e+00 
1.080693e-02 1.811239e-12 0.000000e+00 0.000000e+00 
1.032669e-02 1.655372e-12 0.000000e+00 0.000000e+00 
9.845399e-03 1.506061e-12 0.000000e+00 0.000000e+00 
9.363070e-03 1.363371e-12 0.000000e+00 0.000000e+00 
8.879697e-03 1.227369e-12 0.000000e+00 0.000000e+00 
8.395280e-03 1.098121e-12 0.000000e+00 0.000000e+00 
7.909819e-03 9.756937e-13 0.000000e+00 0.000000e+00 
7.423312e-03 8.601536e-13 0.000000e+00 0.000000e+00 
6.935760e-03 7.515682e-13 0.000000e+00 0.000000e+00 
6.447162e-03 6.500051e-13 0.000000e+00 0.000000e+00 
5.957517e-03 5.555321e-13 0.000000e+00 0.000000e+00 
5.466826e-03 4.682174e-13 0.000000e+00 0.000000e+00 
4.975088e-03 3.881294e-13 0.000000e+00 0.000000e+00 
4.482301e-03 3.153369e-13 0.000000e+00 0.000000e+00 
3.988466e-03 2.499091e-13 0.000000e+00 0.000000e+00 
3.493583e-03 1.919151e-13 0.000000e+00 0.000000e+00 
2.997651e-03 1.414248e-13 0.000000e+00 0.000000e+00 
2.500669e-03 9.850811e-14 0.000000e+00 0.000000e+00 
2.002637e-03 6.323532e-14 0.000000e+00 0.000000e+00 
1.503554e-03 3.567705e-14 0.000000e+00 0.000000e+00 
1.003421e-03 1.590421e-14 0.000000e+00 0.000000e+00 
5.022364e-04 3.988013e-15 0.000000e+00 0.000000e+00 
0.000000e+00 0.000000e+00 0.000000e+00 0.000000e+00 
