time=400.000000
u1[0] u1[1] u2[0] u2[1]n1.381786e-01 0.000000e+00 0.000000e+00 0.000000e+00 
1.381786e-01 7.830904e-12 0.000000e+00 -9.492410e-13 
1.381788e-01 1.566587e-11 0.000000e+00 -1.870230e-12 
1.381790e-01 2.350015e-11 0.000000e+00 -2.781615e-12 
1.381794e-01 3.133259e-11 0.000000e+00 -3.689314e-12 
1.381799e-01 3.916238e-11 0.000000e+00 -4.595699e-12 
1.381805e-01 4.698881e-11 0.000000e+00 -5.501886e-12 
1.381812e-01 5.481123e-11 0.000000e+00 -6.408424e-12 
1.381820e-01 6.262904e-11 0.000000e+00 -7.315574e-12 
1.381830e-01 7.044159e-11 0.000000e+00 -8.223445e-12 
1.381840e-01 7.824827e-11 0.000000e+00 -9.132069e-12 
1.381852e-01 8.604847e-11 0.000000e+00 -1.004144e-11 
1.381865e-01 9.384154e-11 0.000000e+00 -1.095152e-11 
1.381879e-01 1.016269e-10 0.000000e+00 -1.186229e-11 
1.381894e-01 1.094038e-10 0.000000e+00 -1.277371e-11 
1.381910e-01 1.171718e-10 0.000000e+00 -1.368575e-11 
1.381927e-01 1.249301e-10 0.000000e+00 -1.459839e-11 
1.381945e-01 1.326781e-10 0.000000e+00 -1.551161e-11 
1.381964e-01 1.404153e-10 0.000000e+00 -1.642539e-11 
1.381985e-01 1.481409e-10 0.000000e+00 -1.733974e-11 
1.382006e-01 1.558543e-10 0.000000e+00 -1.825464e-11 
1.382029e-01 1.635550e-10 0.000000e+00 -1.917009e-11 
1.382053e-01 1.712422e-10 0.000000e+00 -2.008609e-11 
1.382078e-01 1.789154e-10 0.000000e+00 -2.100264e-11 
1.382104e-01 1.865739e-10 0.000000e+00 -2.191975e-11 
1.382131e-01 1.942171e-10 0.000000e+00 -2.283740e-11 
1.382159e-01 2.018444e-10 0.000000e+00 -2.375561e-11 
1.382188e-01 2.094552e-10 0.000000e+00 -2.467437e-11 
1.382218e-01 2.170489e-10 0.000000e+00 -2.559368e-11 
1.382249e-01 2.246248e-10 0.000000e+00 -2.651353e-11 
1.382282e-01 2.321824e-10 0.000000e+00 -2.743393e-11 
1.382315e-01 2.397209e-10 0.000000e+00 -2.835486e-11 
1.382350e-01 2.472399e-10 0.000000e+00 -2.927631e-11 
1.382386e-01 2.547388e-10 0.000000e+00 -3.019827e-11 
1.382422e-01 2.622168e-10 0.000000e+00 -3.112074e-11 
1.382460e-01 2.696734e-10 0.000000e+00 -3.204368e-11 
1.382499e-01 2.771081e-10 0.000000e+00 -3.296710e-11 
1.382539e-01 2.845202e-10 0.000000e+00 -3.389096e-11 
1.382580e-01 2.919091e-10 0.000000e+00 -3.481525e-11 
1.382622e-01 2.992742e-10 0.000000e+00 -3.573993e-11 
1.382665e-01 3.066150e-10 0.000000e+00 -3.666500e-11 
1.382709e-01 3.139308e-10 0.000000e+00 -3.759040e-11 
1.382754e-01 3.212211e-10 0.000000e+00 -3.851613e-11 
1.382800e-01 3.284852e-10 0.000000e+00 -3.944214e-11 
1.382847e-01 3.357226e-10 0.000000e+00 -4.036840e-11 
1.382896e-01 3.429327e-10 0.000000e+00 -4.129488e-11 
1.382945e-01 3.501150e-10 0.000000e+00 -4.222153e-11 
1.382995e-01 3.572688e-10 0.000000e+00 -4.314832e-11 
1.383046e-01 3.643935e-10 0.000000e+00 -4.407520e-11 
1.383099e-01 3.714887e-10 0.000000e+00 -4.500213e-11 
1.383152e-01 3.785537e-10 0.000000e+00 -4.592907e-11 
1.383206e-01 3.855879e-10 0.000000e+00 -4.685596e-11 
1.383262e-01 3.925908e-10 0.000000e+00 -4.778277e-11 
1.383318e-01 3.995618e-10 0.000000e+00 -4.870943e-11 
1.383375e-01 4.065003e-10 0.000000e+00 -4.963589e-11 
1.383434e-01 4.134059e-10 0.000000e+00 -5.056211e-11 
1.383493e-01 4.202778e-10 0.000000e+00 -5.148802e-11 
1.383553e-01 4.271157e-10 0.000000e+00 -5.241357e-11 
1.383615e-01 4.339188e-10 0.000000e+00 -5.333870e-11 
1.383677e-01 4.406867e-10 0.000000e+00 -5.426335e-11 
1.383740e-01 4.474188e-10 0.000000e+00 -5.518745e-11 
1.383804e-01 4.541146e-10 0.000000e+00 -5.611094e-11 
1.383870e-01 4.607735e-10 0.000000e+00 -5.703376e-11 
1.383936e-01 4.673949e-10 0.000000e+00 -5.795585e-11 
1.384003e-01 4.739784e-10 0.000000e+00 -5.887712e-11 
1.384071e-01 4.805234e-10 0.000000e+00 -5.979752e-11 
1.384140e-01 4.870294e-10 0.000000e+00 -6.071697e-11 
1.384210e-01 4.934958e-10 0.000000e+00 -6.163540e-11 
1.384280e-01 4.999221e-10 0.000000e+00 -6.255273e-11 
1.384352e-01 5.063078e-10 0.000000e+00 -6.346890e-11 
1.384425e-01 5.126523e-10 0.000000e+00 -6.438383e-11 
1.384498e-01 5.189552e-10 0.000000e+00 -6.529744e-11 
1.384573e-01 5.252160e-10 0.000000e+00 -6.620965e-11 
1.384648e-01 5.314340e-10 0.000000e+00 -6.712038e-11 
1.384724e-01 5.376089e-10 0.000000e+00 -6.802956e-11 
1.384802e-01 5.437401e-10 0.000000e+00 -6.893710e-11 
1.384880e-01 5.498271e-10 0.000000e+00 -6.984292e-11 
1.384958e-01 5.558694e-10 0.000000e+00 -7.074694e-11 
1.385038e-01 5.618666e-10 0.000000e+00 -7.164908e-11 
1.385119e-01 5.678181e-10 0.000000e+00 -7.254925e-11 
1.385200e-01 5.737235e-10 0.000000e+00 -7.344738e-11 
1.385283e-01 5.795822e-10 0.000000e+00 -7.434337e-11 
1.385366e-01 5.853939e-10 0.000000e+00 -7.523715e-11 
1.385450e-01 5.911580e-10 0.000000e+00 -7.612862e-11 
1.385535e-01 5.968741e-10 0.000000e+00 -7.701771e-11 
1.385620e-01 6.025417e-10 0.000000e+00 -7.790432e-11 
1.385707e-01 6.081604e-10 0.000000e+00 -7.878838e-11 
1.385794e-01 6.137297e-10 0.000000e+00 -7.966981e-11 
1.385882e-01 6.192492e-10 0.000000e+00 -8.054851e-11 
1.385971e-01 6.247184e-10 0.000000e+00 -8.142442e-11 
1.386061e-01 6.301369e-10 0.000000e+00 -8.229743e-11 
1.386152e-01 6.355042e-10 0.000000e+00 -8.316748e-11 
1.386243e-01 6.408200e-10 0.000000e+00 -8.403449e-11 
1.386335e-01 6.460838e-10 0.000000e+00 -8.489837e-11 
1.386428e-01 6.512952e-10 0.000000e+00 -8.575906e-11 
1.386521e-01 6.564539e-10 0.000000e+00 -8.661647e-11 
1.386615e-01 6.615593e-10 0.000000e+00 -8.747053e-11 
1.386711e-01 6.666111e-10 0.000000e+00 -8.832117e-11 
1.386806e-01 6.716089e-10 0.000000e+00 -8.916833e-11 
1.386903e-01 6.765523e-10 0.000000e+00 -9.001193e-11 
1.387000e-01 6.814409e-10 0.000000e+00 -9.085191e-11 
1.387098e-01 6.862744e-10 0.000000e+00 -9.168822e-11 
1.387196e-01 6.910524e-10 0.000000e+00 -9.252079e-11 
1.387296e-01 6.957745e-10 0.000000e+00 -9.334956e-11 
1.387396e-01 7.004403e-10 0.000000e+00 -9.417450e-11 
1.387496e-01 7.050496e-10 0.000000e+00 -9.499555e-11 
1.387598e-01 7.096018e-10 0.000000e+00 -9.581267e-11 
1.387700e-01 7.140968e-10 0.000000e+00 -9.662582e-11 
1.387802e-01 7.185341e-10 0.000000e+00 -9.743497e-11 
1.387906e-01 7.229135e-10 0.000000e+00 -9.824009e-11 
1.388010e-01 7.272345e-10 0.000000e+00 -9.904115e-11 
1.388114e-01 7.314969e-10 0.000000e+00 -9.983814e-11 
1.388219e-01 7.357004e-10 0.000000e+00 -1.006311e-10 
1.388325e-01 7.398445e-10 0.000000e+00 -1.014199e-10 
1.388431e-01 7.439291e-10 0.000000e+00 -1.022046e-10 
1.388538e-01 7.479538e-10 0.000000e+00 -1.029852e-10 
1.388646e-01 7.519183e-10 0.000000e+00 -1.037618e-10 
1.388754e-01 7.558222e-10 0.000000e+00 -1.045343e-10 
1.388863e-01 7.596654e-10 0.000000e+00 -1.053029e-10 
1.388972e-01 7.634475e-10 0.000000e+00 -1.060674e-10 
1.389082e-01 7.671682e-10 0.000000e+00 -1.068280e-10 
1.389192e-01 7.708272e-10 0.000000e+00 -1.075847e-10 
1.389303e-01 7.744242e-10 0.000000e+00 -1.083375e-10 
1.389414e-01 7.779590e-10 0.000000e+00 -1.090867e-10 
1.389526e-01 7.814313e-10 0.000000e+00 -1.098321e-10 
1.389638e-01 7.848408e-10 0.000000e+00 -1.105740e-10 
1.389751e-01 7.881872e-10 0.000000e+00 -1.113124e-10 
1.389865e-01 7.914702e-10 0.000000e+00 -1.120474e-10 
1.389978e-01 7.946896e-10 0.000000e+00 -1.127791e-10 
1.390093e-01 7.978450e-10 0.000000e+00 -1.135077e-10 
1.390207e-01 8.009363e-10 0.000000e+00 -1.142334e-10 
1.390323e-01 8.039631e-10 0.000000e+00 -1.149562e-10 
1.390438e-01 8.069252e-10 0.000000e+00 -1.156763e-10 
1.390554e-01 8.098222e-10 0.000000e+00 -1.163939e-10 
1.390670e-01 8.126540e-10 0.000000e+00 -1.171092e-10 
1.390787e-01 8.154201e-10 0.000000e+00 -1.178225e-10 
1.390904e-01 8.181203e-10 0.000000e+00 -1.185338e-10 
1.391022e-01 8.207544e-10 0.000000e+00 -1.192434e-10 
1.391140e-01 8.233220e-10 0.000000e+00 -1.199516e-10 
1.391258e-01 8.258228e-10 0.000000e+00 -1.206586e-10 
1.391377e-01 8.282566e-10 0.000000e+00 -1.213647e-10 
1.391496e-01 8.306230e-10 0.000000e+00 -1.220701e-10 
1.391615e-01 8.329216e-10 0.000000e+00 -1.227752e-10 
1.391735e-01 8.351523e-10 0.000000e+00 -1.234801e-10 
1.391855e-01 8.373146e-10 0.000000e+00 -1.241853e-10 
1.391975e-01 8.394082e-10 0.000000e+00 -1.248911e-10 
1.392095e-01 8.414327e-10 0.000000e+00 -1.255978e-10 
1.392216e-01 8.433878e-10 0.000000e+00 -1.263057e-10 
1.392337e-01 8.452731e-10 0.000000e+00 -1.270152e-10 
1.392458e-01 8.470883e-10 0.000000e+00 -1.277266e-10 
1.392580e-01 8.488330e-10 0.000000e+00 -1.284405e-10 
1.392702e-01 8.505066e-10 0.000000e+00 -1.291571e-10 
1.392824e-01 8.521089e-10 0.000000e+00 -1.298769e-10 
1.392946e-01 8.536394e-10 0.000000e+00 -1.306002e-10 
1.393068e-01 8.550977e-10 0.000000e+00 -1.313276e-10 
1.393191e-01 8.564833e-10 0.000000e+00 -1.320594e-10 
1.393313e-01 8.577956e-10 0.000000e+00 -1.327962e-10 
1.393436e-01 8.590343e-10 0.000000e+00 -1.335383e-10 
1.393559e-01 8.601988e-10 0.000000e+00 -1.342862e-10 
1.393682e-01 8.612886e-10 0.000000e+00 -1.350405e-10 
1.393806e-01 8.623032e-10 0.000000e+00 -1.358015e-10 
1.393929e-01 8.632419e-10 0.000000e+00 -1.365698e-10 
1.394052e-01 8.641043e-10 0.000000e+00 -1.373460e-10 
1.394176e-01 8.648896e-10 0.000000e+00 -1.381304e-10 
1.394300e-01 8.655973e-10 0.000000e+00 -1.389236e-10 
1.394423e-01 8.662268e-10 0.000000e+00 -1.397261e-10 
1.394547e-01 8.667773e-10 0.000000e+00 -1.405385e-10 
1.394671e-01 8.672483e-10 0.000000e+00 -1.413611e-10 
1.394795e-01 8.676389e-10 0.000000e+00 -1.421947e-10 
1.394918e-01 8.679484e-10 0.000000e+00 -1.430396e-10 
1.395042e-01 8.681762e-10 0.000000e+00 -1.438964e-10 
1.395166e-01 8.683214e-10 0.000000e+00 -1.447656e-10 
1.395290e-01 8.683832e-10 0.000000e+00 -1.456477e-10 
1.395414e-01 8.683608e-10 0.000000e+00 -1.465432e-10 
1.395537e-01 8.682534e-10 0.000000e+00 -1.474527e-10 
1.395661e-01 8.680601e-10 0.000000e+00 -1.483765e-10 
1.395784e-01 8.677800e-10 0.000000e+00 -1.493152e-10 
1.395908e-01 8.674121e-10 0.000000e+00 -1.502692e-10 
1.396031e-01 8.669556e-10 0.000000e+00 -1.512391e-10 
1.396155e-01 8.664095e-10 0.000000e+00 -1.522252e-10 
1.396278e-01 8.657728e-10 0.000000e+00 -1.532279e-10 
1.396401e-01 8.650445e-10 0.000000e+00 -1.542477e-10 
1.396524e-01 8.642236e-10 0.000000e+00 -1.552850e-10 
1.396646e-01 8.633090e-10 0.000000e+00 -1.563400e-10 
1.396769e-01 8.622996e-10 0.000000e+00 -1.574133e-10 
1.396891e-01 8.611944e-10 0.000000e+00 -1.585050e-10 
1.397013e-01 8.599923e-10 0.000000e+00 -1.596156e-10 
1.397135e-01 8.586920e-10 0.000000e+00 -1.607451e-10 
1.397257e-01 8.572926e-10 0.000000e+00 -1.618939e-10 
1.397378e-01 8.557929e-10 0.000000e+00 -1.630622e-10 
1.397499e-01 8.541915e-10 0.000000e+00 -1.642502e-10 
1.397620e-01 8.524875e-10 0.000000e+00 -1.654579e-10 
1.397741e-01 8.506796e-10 0.000000e+00 -1.666854e-10 
1.397861e-01 8.487665e-10 0.000000e+00 -1.679329e-10 
1.397981e-01 8.467471e-10 0.000000e+00 -1.692003e-10 
1.398101e-01 8.446201e-10 0.000000e+00 -1.704875e-10 
1.398220e-01 8.423844e-10 0.000000e+00 -1.717946e-10 
1.398339e-01 8.400387e-10 0.000000e+00 -1.731213e-10 
1.398458e-01 8.375817e-10 0.000000e+00 -1.744675e-10 
1.398576e-01 8.350123e-10 0.000000e+00 -1.758329e-10 
1.398694e-01 8.323292e-10 0.000000e+00 -1.772173e-10 
1.398811e-01 8.295312e-10 0.000000e+00 -1.786203e-10 
1.398928e-01 8.266172e-10 0.000000e+00 -1.800415e-10 
1.399045e-01 8.235858e-10 0.000000e+00 -1.814804e-10 
1.399161e-01 8.204360e-10 0.000000e+00 -1.829366e-10 
1.399277e-01 8.171666e-10 0.000000e+00 -1.844094e-10 
1.399392e-01 8.137765e-10 0.000000e+00 -1.858982e-10 
1.399507e-01 8.102645e-10 0.000000e+00 -1.874022e-10 
1.399621e-01 8.066296e-10 0.000000e+00 -1.889208e-10 
1.399735e-01 8.028708e-10 0.000000e+00 -1.904529e-10 
1.399848e-01 7.989869e-10 0.000000e+00 -1.919978e-10 
1.399960e-01 7.949771e-10 0.000000e+00 -1.935544e-10 
1.400072e-01 7.908404e-10 0.000000e+00 -1.951217e-10 
1.400184e-01 7.865759e-10 0.000000e+00 -1.966985e-10 
1.400295e-01 7.821828e-10 0.000000e+00 -1.982836e-10 
1.400405e-01 7.776603e-10 0.000000e+00 -1.998757e-10 
1.400514e-01 7.730078e-10 0.000000e+00 -2.014735e-10 
1.400623e-01 7.682244e-10 0.000000e+00 -2.030756e-10 
1.400732e-01 7.633097e-10 0.000000e+00 -2.046803e-10 
1.400839e-01 7.582632e-10 0.000000e+00 -2.062863e-10 
1.400946e-01 7.530843e-10 0.000000e+00 -2.078918e-10 
1.401053e-01 7.477727e-10 0.000000e+00 -2.094950e-10 
1.401158e-01 7.423282e-10 0.000000e+00 -2.110942e-10 
1.401263e-01 7.367505e-10 0.000000e+00 -2.126876e-10 
1.401367e-01 7.310395e-10 0.000000e+00 -2.142731e-10 
1.401470e-01 7.251953e-10 0.000000e+00 -2.158488e-10 
1.401573e-01 7.192180e-10 0.000000e+00 -2.174125e-10 
1.401675e-01 7.131076e-10 0.000000e+00 -2.189622e-10 
1.401776e-01 7.068647e-10 0.000000e+00 -2.204957e-10 
1.401876e-01 7.004895e-10 0.000000e+00 -2.220105e-10 
1.401975e-01 6.939827e-10 0.000000e+00 -2.235046e-10 
1.402074e-01 6.873448e-10 0.000000e+00 -2.249753e-10 
1.402171e-01 6.805767e-10 0.000000e+00 -2.264203e-10 
1.402268e-01 6.736794e-10 0.000000e+00 -2.278371e-10 
1.402364e-01 6.666538e-10 0.000000e+00 -2.292232e-10 
1.402459e-01 6.595012e-10 0.000000e+00 -2.305758e-10 
1.402553e-01 6.522228e-10 0.000000e+00 -2.318925e-10 
1.402646e-01 6.448203e-10 0.000000e+00 -2.331706e-10 
1.402738e-01 6.372951e-10 0.000000e+00 -2.344072e-10 
1.402829e-01 6.296490e-10 0.000000e+00 -2.355998e-10 
1.402919e-01 6.218841e-10 0.000000e+00 -2.367455e-10 
1.403008e-01 6.140023e-10 0.000000e+00 -2.378415e-10 
1.403096e-01 6.060059e-10 0.000000e+00 -2.388851e-10 
1.403183e-01 5.978972e-10 0.000000e+00 -2.398735e-10 
1.403269e-01 5.896789e-10 0.000000e+00 -2.408038e-10 
1.403354e-01 5.813537e-10 0.000000e+00 -2.416732e-10 
1.403438e-01 5.729243e-10 0.000000e+00 -2.424789e-10 
1.403521e-01 5.643940e-10 0.000000e+00 -2.432182e-10 
1.403602e-01 5.557657e-10 0.000000e+00 -2.438882e-10 
1.403683e-01 5.470430e-10 0.000000e+00 -2.444862e-10 
1.403762e-01 5.382294e-10 0.000000e+00 -2.450095e-10 
1.403841e-01 5.293284e-10 0.000000e+00 -2.454554e-10 
1.403918e-01 5.203441e-10 0.000000e+00 -2.458212e-10 
1.403993e-01 5.112804e-10 0.000000e+00 -2.461044e-10 
1.404068e-01 5.021415e-10 0.000000e+00 -2.463025e-10 
1.404141e-01 4.929317e-10 0.000000e+00 -2.464130e-10 
1.404214e-01 4.836554e-10 0.000000e+00 -2.464334e-10 
1.404285e-01 4.743175e-10 0.000000e+00 -2.463615e-10 
1.404354e-01 4.649225e-10 0.000000e+00 -2.461951e-10 
1.404423e-01 4.554755e-10 0.000000e+00 -2.459319e-10 
1.404490e-01 4.459816e-10 0.000000e+00 -2.455700e-10 
1.404555e-01 4.364458e-10 0.000000e+00 -2.451074e-10 
1.404620e-01 4.268737e-10 0.000000e+00 -2.445423e-10 
1.404683e-01 4.172706e-10 0.000000e+00 -2.438729e-10 
1.404744e-01 4.076421e-10 0.000000e+00 -2.430978e-10 
1.404804e-01 3.979939e-10 0.000000e+00 -2.422154e-10 
1.404863e-01 3.883319e-10 0.000000e+00 -2.412244e-10 
1.404921e-01 3.786620e-10 0.000000e+00 -2.401237e-10 
1.404977e-01 3.689901e-10 0.000000e+00 -2.389123e-10 
1.405031e-01 3.593223e-10 0.000000e+00 -2.375892e-10 
1.405084e-01 3.496649e-10 0.000000e+00 -2.361538e-10 
1.405136e-01 3.400240e-10 0.000000e+00 -2.346056e-10 
1.405186e-01 3.304059e-10 0.000000e+00 -2.329442e-10 
1.405234e-01 3.208170e-10 0.000000e+00 -2.311693e-10 
1.405281e-01 3.112637e-10 0.000000e+00 -2.292811e-10 
1.405327e-01 3.017524e-10 0.000000e+00 -2.272797e-10 
1.405371e-01 2.922896e-10 0.000000e+00 -2.251654e-10 
1.405413e-01 2.828816e-10 0.000000e+00 -2.229388e-10 
1.405453e-01 2.735349e-10 0.000000e+00 -2.206007e-10 
1.405492e-01 2.642560e-10 0.000000e+00 -2.181521e-10 
1.405530e-01 2.550513e-10 0.000000e+00 -2.155940e-10 
1.405566e-01 2.459272e-10 0.000000e+00 -2.129278e-10 
1.405600e-01 2.368900e-10 0.000000e+00 -2.101552e-10 
1.405632e-01 2.279461e-10 0.000000e+00 -2.072778e-10 
1.405663e-01 2.191015e-10 0.000000e+00 -2.042976e-10 
1.405692e-01 2.103625e-10 0.000000e+00 -2.012168e-10 
1.405719e-01 2.017351e-10 0.000000e+00 -1.980377e-10 
1.405744e-01 1.932252e-10 0.000000e+00 -1.947629e-10 
1.405768e-01 1.848387e-10 0.000000e+00 -1.913952e-10 
1.405790e-01 1.765812e-10 0.000000e+00 -1.879376e-10 
1.405810e-01 1.684583e-10 0.000000e+00 -1.843932e-10 
1.405828e-01 1.604755e-10 0.000000e+00 -1.807653e-10 
1.405844e-01 1.526378e-10 0.000000e+00 -1.770575e-10 
1.405859e-01 1.449505e-10 0.000000e+00 -1.732734e-10 
1.405871e-01 1.374184e-10 0.000000e+00 -1.694171e-10 
1.405882e-01 1.300462e-10 0.000000e+00 -1.654924e-10 
1.405891e-01 1.228383e-10 0.000000e+00 -1.615038e-10 
1.405898e-01 1.157990e-10 0.000000e+00 -1.574554e-10 
1.405903e-01 1.089324e-10 0.000000e+00 -1.533519e-10 
1.405906e-01 1.022422e-10 0.000000e+00 -1.491980e-10 
1.405907e-01 9.573195e-11 0.000000e+00 -1.449983e-10 
1.405906e-01 8.940498e-11 0.000000e+00 -1.407579e-10 
1.405903e-01 8.326429e-11 0.000000e+00 -1.364818e-10 
1.405898e-01 7.731265e-11 0.000000e+00 -1.321751e-10 
1.405891e-01 7.155253e-11 0.000000e+00 -1.278431e-10 
1.405882e-01 6.598613e-11 0.000000e+00 -1.234911e-10 
1.405870e-01 6.061533e-11 0.000000e+00 -1.191244e-10 
1.405857e-01 5.544174e-11 0.000000e+00 -1.147486e-10 
1.405841e-01 5.046666e-11 0.000000e+00 -1.103691e-10 
1.405824e-01 4.569109e-11 0.000000e+00 -1.059915e-10 
1.405804e-01 4.111571e-11 0.000000e+00 -1.016214e-10 
1.405782e-01 3.674089e-11 0.000000e+00 -9.726425e-11 
1.405758e-01 3.256669e-11 0.000000e+00 -9.292573e-11 
1.405732e-01 2.859286e-11 0.000000e+00 -8.861137e-11 
1.405703e-01 2.481882e-11 0.000000e+00 -8.432672e-11 
1.405672e-01 2.124370e-11 0.000000e+00 -8.007727e-11 
1.405639e-01 1.786628e-11 0.000000e+00 -7.586846e-11 
1.405604e-01 1.468506e-11 0.000000e+00 -7.170567e-11 
1.405566e-01 1.169822e-11 0.000000e+00 -6.759419e-11 
1.405526e-01 8.903627e-12 0.000000e+00 -6.353922e-11 
1.405484e-01 6.298858e-12 0.000000e+00 -5.954587e-11 
1.405439e-01 3.881190e-12 0.000000e+00 -5.561910e-11 
1.405392e-01 1.647611e-12 0.000000e+00 -5.176376e-11 
1.405343e-01 -4.051762e-13 0.000000e+00 -4.798455e-11 
1.405291e-01 -2.280741e-12 0.000000e+00 -4.428600e-11 
1.405236e-01 -3.982920e-12 0.000000e+00 -4.067250e-11 
1.405180e-01 -5.515810e-12 0.000000e+00 -3.714822e-11 
1.405121e-01 -6.883753e-12 0.000000e+00 -3.371717e-11 
1.405059e-01 -8.091328e-12 0.000000e+00 -3.038314e-11 
1.404995e-01 -9.143342e-12 0.000000e+00 -2.714972e-11 
1.404928e-01 -1.004481e-11 0.000000e+00 -2.402025e-11 
1.404859e-01 -1.080097e-11 0.000000e+00 -2.099786e-11 
1.404787e-01 -1.141721e-11 0.000000e+00 -1.808545e-11 
1.404713e-01 -1.189912e-11 0.000000e+00 -1.528564e-11 
1.404636e-01 -1.225245e-11 0.000000e+00 -1.260080e-11 
1.404557e-01 -1.248308e-11 0.000000e+00 -1.003307e-11 
1.404475e-01 -1.259704e-11 0.000000e+00 -7.584276e-12 
1.404390e-01 -1.260046e-11 0.000000e+00 -5.255995e-12 
1.404303e-01 -1.249956e-11 0.000000e+00 -3.049522e-12 
1.404213e-01 -1.230067e-11 0.000000e+00 -9.658649e-13 
1.404120e-01 -1.201016e-11 0.000000e+00 9.942491e-13 
1.404025e-01 -1.163447e-11 0.000000e+00 2.830382e-12 
1.403927e-01 -1.118005e-11 0.000000e+00 4.542382e-12 
1.403826e-01 -1.065338e-11 0.000000e+00 6.130387e-12 
1.403722e-01 -1.006094e-11 0.000000e+00 7.594822e-12 
1.403616e-01 -9.409176e-12 0.000000e+00 8.936398e-12 
1.403507e-01 -8.704510e-12 0.000000e+00 1.015611e-11 
1.403395e-01 -7.953307e-12 0.000000e+00 1.125523e-11 
1.403280e-01 -7.161864e-12 0.000000e+00 1.223531e-11 
1.403162e-01 -6.336392e-12 0.000000e+00 1.309817e-11 
1.403042e-01 -5.482998e-12 0.000000e+00 1.384589e-11 
1.402918e-01 -4.607671e-12 0.000000e+00 1.448083e-11 
1.402792e-01 -3.716269e-12 0.000000e+00 1.500557e-11 
1.402663e-01 -2.814497e-12 0.000000e+00 1.542295e-11 
1.402530e-01 -1.907901e-12 0.000000e+00 1.573603e-11 
1.402395e-01 -1.001848e-12 0.000000e+00 1.594812e-11 
1.402257e-01 -1.015160e-13 0.000000e+00 1.606271e-11 
1.402116e-01 7.881222e-13 0.000000e+00 1.608351e-11 
1.401972e-01 1.662307e-12 0.000000e+00 1.601441e-11 
1.401825e-01 2.516505e-12 0.000000e+00 1.585947e-11 
1.401675e-01 3.346422e-12 0.000000e+00 1.562293e-11 
1.401521e-01 4.148006e-12 0.000000e+00 1.530916e-11 
1.401365e-01 4.917463e-12 0.000000e+00 1.492267e-11 
1.401206e-01 5.651262e-12 0.000000e+00 1.446810e-11 
1.401043e-01 6.346141e-12 0.000000e+00 1.395018e-11 
1.400877e-01 6.999114e-12 0.000000e+00 1.337373e-11 
1.400708e-01 7.607478e-12 0.000000e+00 1.274365e-11 
1.400536e-01 8.168813e-12 0.000000e+00 1.206489e-11 
1.400361e-01 8.680988e-12 0.000000e+00 1.134244e-11 
1.400183e-01 9.142162e-12 0.000000e+00 1.058131e-11 
1.400001e-01 9.550786e-12 0.000000e+00 9.786529e-12 
1.399816e-01 9.905604e-12 0.000000e+00 8.963107e-12 
1.399628e-01 1.020565e-11 0.000000e+00 8.116032e-12 
1.399437e-01 1.045024e-11 0.000000e+00 7.250248e-12 
1.399242e-01 1.063898e-11 0.000000e+00 6.370641e-12 
1.399044e-01 1.077176e-11 0.000000e+00 5.482025e-12 
1.398843e-01 1.084874e-11 0.000000e+00 4.589124e-12 
1.398638e-01 1.087037e-11 0.000000e+00 3.696554e-12 
1.398430e-01 1.083732e-11 0.000000e+00 2.808817e-12 
1.398218e-01 1.075057e-11 0.000000e+00 1.930277e-12 
1.398003e-01 1.061130e-11 0.000000e+00 1.065154e-12 
1.397785e-01 1.042096e-11 0.000000e+00 2.175034e-13 
1.397563e-01 1.018119e-11 0.000000e+00 -6.087885e-13 
1.397338e-01 9.893896e-12 0.000000e+00 -1.410023e-12 
1.397109e-01 9.561141e-12 0.000000e+00 -2.182695e-12 
1.396877e-01 9.185202e-12 0.000000e+00 -2.923508e-12 
1.396642e-01 8.768527e-12 0.000000e+00 -3.629379e-12 
1.396402e-01 8.313730e-12 0.000000e+00 -4.297453e-12 
1.396159e-01 7.823574e-12 0.000000e+00 -4.925102e-12 
1.395913e-01 7.300954e-12 0.000000e+00 -5.509941e-12 
1.395663e-01 6.748888e-12 0.000000e+00 -6.049829e-12 
1.395410e-01 6.170496e-12 0.000000e+00 -6.542873e-12 
1.395153e-01 5.568985e-12 0.000000e+00 -6.987435e-12 
1.394892e-01 4.947636e-12 0.000000e+00 -7.382134e-12 
1.394627e-01 4.309786e-12 0.000000e+00 -7.725845e-12 
1.394359e-01 3.658808e-12 0.000000e+00 -8.017704e-12 
1.394087e-01 2.998103e-12 0.000000e+00 -8.257107e-12 
1.393812e-01 2.331077e-12 0.000000e+00 -8.443705e-12 
1.393533e-01 1.661127e-12 0.000000e+00 -8.577406e-12 
1.393250e-01 9.916263e-13 0.000000e+00 -8.658370e-12 
1.392963e-01 3.259069e-13 0.000000e+00 -8.687006e-12 
1.392672e-01 -3.327541e-13 0.000000e+00 -8.663964e-12 
1.392378e-01 -9.811503e-13 0.000000e+00 -8.590132e-12 
1.392080e-01 -1.616160e-12 0.000000e+00 -8.466627e-12 
1.391778e-01 -2.234760e-12 0.000000e+00 -8.294787e-12 
1.391472e-01 -2.834040e-12 0.000000e+00 -8.076163e-12 
1.391162e-01 -3.411214e-12 0.000000e+00 -7.812509e-12 
1.390848e-01 -3.963633e-12 0.000000e+00 -7.505771e-12 
1.390531e-01 -4.488796e-12 0.000000e+00 -7.158076e-12 
1.390209e-01 -4.984361e-12 0.000000e+00 -6.771721e-12 
1.389884e-01 -5.448155e-12 0.000000e+00 -6.349159e-12 
1.389555e-01 -5.878182e-12 0.000000e+00 -5.892987e-12 
1.389221e-01 -6.272631e-12 0.000000e+00 -5.405932e-12 
1.388884e-01 -6.629883e-12 0.000000e+00 -4.890836e-12 
1.388543e-01 -6.948520e-12 0.000000e+00 -4.350643e-12 
1.388197e-01 -7.227326e-12 0.000000e+00 -3.788385e-12 
1.387848e-01 -7.465292e-12 0.000000e+00 -3.207163e-12 
1.387494e-01 -7.661622e-12 0.000000e+00 -2.610134e-12 
1.387137e-01 -7.815731e-12 0.000000e+00 -2.000498e-12 
1.386775e-01 -7.927251e-12 0.000000e+00 -1.381479e-12 
1.386409e-01 -7.996026e-12 0.000000e+00 -7.563111e-13 
1.386039e-01 -8.022115e-12 0.000000e+00 -1.282213e-13 
1.385665e-01 -8.005787e-12 0.000000e+00 4.995829e-13 
1.385287e-01 -7.947520e-12 0.000000e+00 1.123931e-12 
1.384904e-01 -7.847998e-12 0.000000e+00 1.741701e-12 
1.384518e-01 -7.708103e-12 0.000000e+00 2.349841e-12 
1.384127e-01 -7.528913e-12 0.000000e+00 2.945373e-12 
1.383732e-01 -7.311690e-12 0.000000e+00 3.525416e-12 
1.383332e-01 -7.057879e-12 0.000000e+00 4.087192e-12 
1.382928e-01 -6.769095e-12 0.000000e+00 4.628043e-12 
1.382520e-01 -6.447116e-12 0.000000e+00 5.145442e-12 
1.382108e-01 -6.093870e-12 0.000000e+00 5.637001e-12 
1.381691e-01 -5.711429e-12 0.000000e+00 6.100486e-12 
1.381270e-01 -5.301995e-12 0.000000e+00 6.533822e-12 
1.380845e-01 -4.867889e-12 0.000000e+00 6.935106e-12 
1.380415e-01 -4.411537e-12 0.000000e+00 7.302613e-12 
1.379981e-01 -3.935461e-12 0.000000e+00 7.634802e-12 
1.379543e-01 -3.442262e-12 0.000000e+00 7.930323e-12 
1.379100e-01 -2.934609e-12 0.000000e+00 8.188023e-12 
1.378652e-01 -2.415223e-12 0.000000e+00 8.406948e-12 
1.378200e-01 -1.886867e-12 0.000000e+00 8.586350e-12 
1.377744e-01 -1.352328e-12 0.000000e+00 8.725682e-12 
1.377283e-01 -8.144033e-13 0.000000e+00 8.824610e-12 
1.376817e-01 -2.758901e-13 0.000000e+00 8.883001e-12 
1.376347e-01 2.604325e-13 0.000000e+00 8.900931e-12 
1.375873e-01 7.918155e-13 0.000000e+00 8.878681e-12 
1.375393e-01 1.315554e-12 0.000000e+00 8.816730e-12 
1.374910e-01 1.829001e-12 0.000000e+00 8.715757e-12 
1.374421e-01 2.329578e-12 0.000000e+00 8.576634e-12 
1.373928e-01 2.814791e-12 0.000000e+00 8.400419e-12 
1.373431e-01 3.282241e-12 0.000000e+00 8.188349e-12 
1.372928e-01 3.729635e-12 0.000000e+00 7.941838e-12 
1.372421e-01 4.154798e-12 0.000000e+00 7.662460e-12 
1.371909e-01 4.555681e-12 0.000000e+00 7.351949e-12 
1.371393e-01 4.930376e-12 0.000000e+00 7.012182e-12 
1.370872e-01 5.277117e-12 0.000000e+00 6.645174e-12 
1.370346e-01 5.594296e-12 0.000000e+00 6.253064e-12 
1.369815e-01 5.880465e-12 0.000000e+00 5.838102e-12 
1.369280e-01 6.134345e-12 0.000000e+00 5.402643e-12 
1.368739e-01 6.354831e-12 0.000000e+00 4.949127e-12 
1.368194e-01 6.540996e-12 0.000000e+00 4.480072e-12 
1.367644e-01 6.692095e-12 0.000000e+00 3.998056e-12 
1.367090e-01 6.807571e-12 0.000000e+00 3.505710e-12 
1.366530e-01 6.887049e-12 0.000000e+00 3.005695e-12 
1.365965e-01 6.930348e-12 0.000000e+00 2.500700e-12 
1.365396e-01 6.937469e-12 0.000000e+00 1.993415e-12 
1.364821e-01 6.908604e-12 0.000000e+00 1.486530e-12 
1.364242e-01 6.844130e-12 0.000000e+00 9.827129e-13 
1.363658e-01 6.744604e-12 0.000000e+00 4.845980e-13 
1.363068e-01 6.610762e-12 0.000000e+00 -5.225218e-15 
1.362474e-01 6.443516e-12 0.000000e+00 -4.842270e-13 
1.361875e-01 6.243944e-12 0.000000e+00 -9.499494e-13 
1.361271e-01 6.013286e-12 0.000000e+00 -1.400018e-12 
1.360661e-01 5.752938e-12 0.000000e+00 -1.832155e-12 
1.360047e-01 5.464442e-12 0.000000e+00 -2.244188e-12 
1.359427e-01 5.149477e-12 0.000000e+00 -2.634062e-12 
1.358803e-01 4.809854e-12 0.000000e+00 -2.999851e-12 
1.358173e-01 4.447500e-12 0.000000e+00 -3.339763e-12 
1.357538e-01 4.064452e-12 0.000000e+00 -3.652152e-12 
1.356898e-01 3.662844e-12 0.000000e+00 -3.935525e-12 
1.356253e-01 3.244895e-12 0.000000e+00 -4.188549e-12 
1.355602e-01 2.812899e-12 0.000000e+00 -4.410053e-12 
1.354947e-01 2.369212e-12 0.000000e+00 -4.599041e-12 
1.354286e-01 1.916240e-12 0.000000e+00 -4.754690e-12 
1.353620e-01 1.456423e-12 0.000000e+00 -4.876355e-12 
1.352949e-01 9.922291e-13 0.000000e+00 -4.963572e-12 
1.352272e-01 5.261338e-13 0.000000e+00 -5.016059e-12 
1.351591e-01 6.061257e-14 0.000000e+00 -5.033717e-12 
1.350904e-01 -4.018742e-13 0.000000e+00 -5.016629e-12 
1.350211e-01 -8.588934e-13 0.000000e+00 -4.965060e-12 
1.349513e-01 -1.308052e-12 0.000000e+00 -4.879454e-12 
1.348810e-01 -1.747009e-12 0.000000e+00 -4.760427e-12 
1.348102e-01 -2.173486e-12 0.000000e+00 -4.608772e-12 
1.347388e-01 -2.585284e-12 0.000000e+00 -4.425444e-12 
1.346669e-01 -2.980287e-12 0.000000e+00 -4.211562e-12 
1.345944e-01 -3.356478e-12 0.000000e+00 -3.968398e-12 
1.345214e-01 -3.711948e-12 0.000000e+00 -3.697370e-12 
1.344479e-01 -4.044902e-12 0.000000e+00 -3.400037e-12 
1.343738e-01 -4.353675e-12 0.000000e+00 -3.078086e-12 
1.342991e-01 -4.636734e-12 0.000000e+00 -2.733328e-12 
1.342239e-01 -4.892686e-12 0.000000e+00 -2.367682e-12 
1.341482e-01 -5.120289e-12 0.000000e+00 -1.983168e-12 
1.340719e-01 -5.318452e-12 0.000000e+00 -1.581896e-12 
1.339950e-01 -5.486245e-12 0.000000e+00 -1.166054e-12 
1.339176e-01 -5.622901e-12 0.000000e+00 -7.378961e-13 
1.338396e-01 -5.727819e-12 0.000000e+00 -2.997298e-13 
1.337611e-01 -5.800567e-12 0.000000e+00 1.460942e-13 
1.336820e-01 -5.840884e-12 0.000000e+00 5.971960e-13 
1.336024e-01 -5.848681e-12 0.000000e+00 1.051179e-12 
1.335221e-01 -5.824038e-12 0.000000e+00 1.505642e-12 
1.334414e-01 -5.767207e-12 0.000000e+00 1.958191e-12 
1.333600e-01 -5.678607e-12 0.000000e+00 2.406455e-12 
1.332781e-01 -5.558823e-12 0.000000e+00 2.848092e-12 
1.331956e-01 -5.408601e-12 0.000000e+00 3.280810e-12 
1.331125e-01 -5.228844e-12 0.000000e+00 3.702368e-12 
1.330289e-01 -5.020606e-12 0.000000e+00 4.110599e-12 
1.329447e-01 -4.785087e-12 0.000000e+00 4.503409e-12 
1.328599e-01 -4.523627e-12 0.000000e+00 4.878800e-12 
1.327745e-01 -4.237696e-12 0.000000e+00 5.234869e-12 
1.326886e-01 -3.928886e-12 0.000000e+00 5.569824e-12 
1.326020e-01 -3.598904e-12 0.000000e+00 5.881994e-12 
1.325149e-01 -3.249564e-12 0.000000e+00 6.169830e-12 
1.324272e-01 -2.882772e-12 0.000000e+00 6.431919e-12 
1.323389e-01 -2.500520e-12 0.000000e+00 6.666991e-12 
1.322500e-01 -2.104873e-12 0.000000e+00 6.873920e-12 
1.321606e-01 -1.697960e-12 0.000000e+00 7.051735e-12 
1.320705e-01 -1.281961e-12 0.000000e+00 7.199618e-12 
1.319798e-01 -8.590964e-13 0.000000e+00 7.316916e-12 
1.318886e-01 -4.316135e-13 0.000000e+00 7.403136e-12 
1.317967e-01 -1.776911e-15 0.000000e+00 7.457951e-12 
1.317043e-01 4.281448e-13 0.000000e+00 7.481202e-12 
1.316112e-01 8.558903e-13 0.000000e+00 7.472893e-12 
1.315176e-01 1.279218e-12 0.000000e+00 7.433196e-12 
1.314233e-01 1.695917e-12 0.000000e+00 7.362447e-12 
1.313285e-01 2.103818e-12 0.000000e+00 7.261143e-12 
1.312330e-01 2.500807e-12 0.000000e+00 7.129940e-12 
1.311370e-01 2.884833e-12 0.000000e+00 6.969649e-12 
1.310403e-01 3.253921e-12 0.000000e+00 6.781229e-12 
1.309430e-01 3.606179e-12 0.000000e+00 6.565786e-12 
1.308451e-01 3.939813e-12 0.000000e+00 6.324560e-12 
1.307466e-01 4.253129e-12 0.000000e+00 6.058924e-12 
1.306474e-01 4.544547e-12 0.000000e+00 5.770375e-12 
1.305477e-01 4.812606e-12 0.000000e+00 5.460523e-12 
1.304473e-01 5.055974e-12 0.000000e+00 5.131084e-12 
1.303463e-01 5.273450e-12 0.000000e+00 4.783872e-12 
1.302447e-01 5.463974e-12 0.000000e+00 4.420786e-12 
1.301425e-01 5.626631e-12 0.000000e+00 4.043802e-12 
1.300396e-01 5.760653e-12 0.000000e+00 3.654964e-12 
1.299362e-01 5.865425e-12 0.000000e+00 3.256369e-12 
1.298320e-01 5.940488e-12 0.000000e+00 2.850158e-12 
1.297273e-01 5.985537e-12 0.000000e+00 2.438504e-12 
1.296219e-01 6.000428e-12 0.000000e+00 2.023604e-12 
1.295159e-01 5.985172e-12 0.000000e+00 1.607661e-12 
1.294093e-01 5.939941e-12 0.000000e+00 1.192878e-12 
1.293020e-01 5.865059e-12 0.000000e+00 7.814451e-13 
1.291941e-01 5.761006e-12 0.000000e+00 3.755266e-13 
1.290856e-01 5.628411e-12 0.000000e+00 -2.274868e-14 
1.289764e-01 5.468053e-12 0.000000e+00 -4.112988e-13 
1.288665e-01 5.280851e-12 0.000000e+00 -7.880994e-13 
1.287561e-01 5.067860e-12 0.000000e+00 -1.151194e-12 
1.286449e-01 4.830268e-12 0.000000e+00 -1.498703e-12 
1.285332e-01 4.569388e-12 0.000000e+00 -1.828834e-12 
1.284208e-01 4.286648e-12 0.000000e+00 -2.139894e-12 
1.283077e-01 3.983588e-12 0.000000e+00 -2.430289e-12 
1.281940e-01 3.661846e-12 0.000000e+00 -2.698543e-12 
1.280796e-01 3.323155e-12 0.000000e+00 -2.943296e-12 
1.279646e-01 2.969330e-12 0.000000e+00 -3.163317e-12 
1.278489e-01 2.602259e-12 0.000000e+00 -3.357504e-12 
1.277326e-01 2.223893e-12 0.000000e+00 -3.524896e-12 
1.276156e-01 1.836237e-12 0.000000e+00 -3.664673e-12 
1.274980e-01 1.441336e-12 0.000000e+00 -3.776159e-12 
1.273797e-01 1.041270e-12 0.000000e+00 -3.858829e-12 
1.272607e-01 6.381380e-13 0.000000e+00 -3.912308e-12 
1.271410e-01 2.340480e-13 0.000000e+00 -3.936374e-12 
1.270207e-01 -1.688919e-13 0.000000e+00 -3.930955e-12 
1.268998e-01 -5.685855e-13 0.000000e+00 -3.896137e-12 
1.267781e-01 -9.629596e-13 0.000000e+00 -3.832152e-12 
1.266558e-01 -1.349974e-12 0.000000e+00 -3.739386e-12 
1.265329e-01 -1.727633e-12 0.000000e+00 -3.618372e-12 
1.264092e-01 -2.093994e-12 0.000000e+00 -3.469785e-12 
1.262849e-01 -2.447177e-12 0.000000e+00 -3.294443e-12 
1.261599e-01 -2.785378e-12 0.000000e+00 -3.093297e-12 
1.260342e-01 -3.106872e-12 0.000000e+00 -2.867430e-12 
1.259079e-01 -3.410027e-12 0.000000e+00 -2.618048e-12 
1.257808e-01 -3.693308e-12 0.000000e+00 -2.346475e-12 
1.256531e-01 -3.955287e-12 0.000000e+00 -2.054145e-12 
1.255247e-01 -4.194649e-12 0.000000e+00 -1.742595e-12 
1.253956e-01 -4.410200e-12 0.000000e+00 -1.413456e-12 
1.252659e-01 -4.600869e-12 0.000000e+00 -1.068444e-12 
1.251354e-01 -4.765717e-12 0.000000e+00 -7.093523e-13 
1.250042e-01 -4.903939e-12 0.000000e+00 -3.380406e-13 
1.248724e-01 -5.014869e-12 0.000000e+00 4.357383e-14 
1.247399e-01 -5.097980e-12 0.000000e+00 4.335265e-13 
1.246067e-01 -5.152893e-12 0.000000e+00 8.298159e-13 
1.244728e-01 -5.179369e-12 0.000000e+00 1.230414e-12 
1.243381e-01 -5.177318e-12 0.000000e+00 1.633276e-12 
1.242028e-01 -5.146794e-12 0.000000e+00 2.036352e-12 
1.240668e-01 -5.087996e-12 0.000000e+00 2.437596e-12 
1.239301e-01 -5.001267e-12 0.000000e+00 2.834977e-12 
1.237927e-01 -4.887090e-12 0.000000e+00 3.226491e-12 
1.236546e-01 -4.746087e-12 0.000000e+00 3.610168e-12 
1.235158e-01 -4.579014e-12 0.000000e+00 3.984083e-12 
1.233763e-01 -4.386758e-12 0.000000e+00 4.346367e-12 
1.232360e-01 -4.170330e-12 0.000000e+00 4.695215e-12 
1.230951e-01 -3.930860e-12 0.000000e+00 5.028894e-12 
1.229535e-01 -3.669595e-12 0.000000e+00 5.345754e-12 
1.228111e-01 -3.387886e-12 0.000000e+00 5.644235e-12 
1.226680e-01 -3.087184e-12 0.000000e+00 5.922872e-12 
1.225243e-01 -2.769032e-12 0.000000e+00 6.180307e-12 
1.223798e-01 -2.435057e-12 0.000000e+00 6.415292e-12 
1.222346e-01 -2.086963e-12 0.000000e+00 6.626693e-12 
1.220886e-01 -1.726517e-12 0.000000e+00 6.813503e-12 
1.219420e-01 -1.355547e-12 0.000000e+00 6.974838e-12 
1.217946e-01 -9.759276e-13 0.000000e+00 7.109944e-12 
1.216465e-01 -5.895708e-13 0.000000e+00 7.218205e-12 
1.214977e-01 -1.984187e-13 0.000000e+00 7.299137e-12 
1.213481e-01 1.955681e-13 0.000000e+00 7.352396e-12 
1.211979e-01 5.904200e-13 0.000000e+00 7.377780e-12 
1.210469e-01 9.841685e-13 0.000000e+00 7.375224e-12 
1.208952e-01 1.374855e-12 0.000000e+00 7.344804e-12 
1.207427e-01 1.760544e-12 0.000000e+00 7.286735e-12 
1.205895e-01 2.139325e-12 0.000000e+00 7.201371e-12 
1.204356e-01 2.509333e-12 0.000000e+00 7.089200e-12 
1.202809e-01 2.868746e-12 0.000000e+00 6.950841e-12 
1.201256e-01 3.215805e-12 0.000000e+00 6.787043e-12 
1.199694e-01 3.548812e-12 0.000000e+00 6.598681e-12 
1.198126e-01 3.866146e-12 0.000000e+00 6.386748e-12 
1.196550e-01 4.166268e-12 0.000000e+00 6.152350e-12 
1.194966e-01 4.447728e-12 0.000000e+00 5.896704e-12 
1.193375e-01 4.709171e-12 0.000000e+00 5.621129e-12 
1.191777e-01 4.949346e-12 0.000000e+00 5.327036e-12 
1.190171e-01 5.167109e-12 0.000000e+00 5.015927e-12 
1.188558e-01 5.361432e-12 0.000000e+00 4.689383e-12 
1.186937e-01 5.531403e-12 0.000000e+00 4.349055e-12 
1.185309e-01 5.676233e-12 0.000000e+00 3.996661e-12 
1.183674e-01 5.795259e-12 0.000000e+00 3.633970e-12 
1.182030e-01 5.887946e-12 0.000000e+00 3.262800e-12 
1.180380e-01 5.953889e-12 0.000000e+00 2.885004e-12 
1.178722e-01 5.992818e-12 0.000000e+00 2.502462e-12 
1.177056e-01 6.004592e-12 0.000000e+00 2.117073e-12 
1.175382e-01 5.989207e-12 0.000000e+00 1.730744e-12 
1.173701e-01 5.946788e-12 0.000000e+00 1.345384e-12 
1.172013e-01 5.877595e-12 0.000000e+00 9.628875e-13 
1.170317e-01 5.782016e-12 0.000000e+00 5.851338e-13 
1.168613e-01 5.660566e-12 0.000000e+00 2.139721e-13 
1.166902e-01 5.513886e-12 0.000000e+00 -1.487855e-13 
1.165183e-01 5.342736e-12 0.000000e+00 -5.013725e-13 
1.163456e-01 5.147995e-12 0.000000e+00 -8.420769e-13 
1.161722e-01 4.930651e-12 0.000000e+00 -1.169249e-12 
1.159980e-01 4.691801e-12 0.000000e+00 -1.481309e-12 
1.158230e-01 4.432642e-12 0.000000e+00 -1.776756e-12 
1.156473e-01 4.154466e-12 0.000000e+00 -2.054171e-12 
1.154707e-01 3.858654e-12 0.000000e+00 -2.312228e-12 
1.152935e-01 3.546667e-12 0.000000e+00 -2.549699e-12 
1.151154e-01 3.220039e-12 0.000000e+00 -2.765456e-12 
1.149366e-01 2.880373e-12 0.000000e+00 -2.958481e-12 
1.147570e-01 2.529328e-12 0.000000e+00 -3.127867e-12 
1.145766e-01 2.168613e-12 0.000000e+00 -3.272822e-12 
1.143954e-01 1.799979e-12 0.000000e+00 -3.392676e-12 
1.142135e-01 1.425211e-12 0.000000e+00 -3.486880e-12 
1.140307e-01 1.046116e-12 0.000000e+00 -3.555008e-12 
1.138472e-01 6.645194e-13 0.000000e+00 -3.596761e-12 
1.136629e-01 2.822507e-13 0.000000e+00 -3.611967e-12 
1.134778e-01 -9.886113e-14 0.000000e+00 -3.600581e-12 
1.132920e-01 -4.769978e-13 0.000000e+00 -3.562683e-12 
1.131053e-01 -8.503607e-13 0.000000e+00 -3.498480e-12 
1.129179e-01 -1.217179e-12 0.000000e+00 -3.408304e-12 
1.127296e-01 -1.575716e-12 0.000000e+00 -3.292609e-12 
1.125406e-01 -1.924283e-12 0.000000e+00 -3.151967e-12 
1.123508e-01 -2.261240e-12 0.000000e+00 -2.987067e-12 
1.121602e-01 -2.585008e-12 0.000000e+00 -2.798712e-12 
1.119688e-01 -2.894073e-12 0.000000e+00 -2.587812e-12 
1.117766e-01 -3.186996e-12 0.000000e+00 -2.355379e-12 
1.115836e-01 -3.462419e-12 0.000000e+00 -2.102527e-12 
1.113898e-01 -3.719066e-12 0.000000e+00 -1.830460e-12 
1.111952e-01 -3.955758e-12 0.000000e+00 -1.540469e-12 
1.109998e-01 -4.171408e-12 0.000000e+00 -1.233925e-12 
1.108035e-01 -4.365035e-12 0.000000e+00 -9.122724e-13 
1.106065e-01 -4.535759e-12 0.000000e+00 -5.770230e-13 
1.104087e-01 -4.682812e-12 0.000000e+00 -2.297463e-13 
1.102101e-01 -4.805538e-12 0.000000e+00 1.279367e-13 
1.100107e-01 -4.903397e-12 0.000000e+00 4.943614e-13 
1.098105e-01 -4.975964e-12 0.000000e+00 8.678276e-13 
1.096094e-01 -5.022933e-12 0.000000e+00 1.246608e-12 
1.094076e-01 -5.044117e-12 0.000000e+00 1.628954e-12 
1.092049e-01 -5.039451e-12 0.000000e+00 2.013110e-12 
1.090014e-01 -5.008986e-12 0.000000e+00 2.397313e-12 
1.087971e-01 -4.952894e-12 0.000000e+00 2.779809e-12 
1.085920e-01 -4.871464e-12 0.000000e+00 3.158853e-12 
1.083861e-01 -4.765100e-12 0.000000e+00 3.532726e-12 
1.081794e-01 -4.634318e-12 0.000000e+00 3.899736e-12 
1.079718e-01 -4.479746e-12 0.000000e+00 4.258226e-12 
1.077635e-01 -4.302118e-12 0.000000e+00 4.606587e-12 
1.075543e-01 -4.102271e-12 0.000000e+00 4.943259e-12 
1.073443e-01 -3.881141e-12 0.000000e+00 5.266740e-12 
1.071334e-01 -3.639757e-12 0.000000e+00 5.575596e-12 
1.069218e-01 -3.379237e-12 0.000000e+00 5.868460e-12 
1.067093e-01 -3.100783e-12 0.000000e+00 6.144046e-12 
1.064960e-01 -2.805673e-12 0.000000e+00 6.401147e-12 
1.062818e-01 -2.495257e-12 0.000000e+00 6.638648e-12 
1.060668e-01 -2.170951e-12 0.000000e+00 6.855522e-12 
1.058510e-01 -1.834226e-12 0.000000e+00 7.050841e-12 
1.056344e-01 -1.486607e-12 0.000000e+00 7.223779e-12 
1.054169e-01 -1.129660e-12 0.000000e+00 7.373609e-12 
1.051987e-01 -7.649900e-13 0.000000e+00 7.499714e-12 
1.049795e-01 -3.942305e-13 0.000000e+00 7.601585e-12 
1.047596e-01 -1.903646e-14 0.000000e+00 7.678823e-12 
1.045388e-01 3.589230e-13 0.000000e+00 7.731140e-12 
1.043171e-01 7.379719e-13 0.000000e+00 7.758362e-12 
1.040946e-01 1.116436e-12 0.000000e+00 7.760426e-12 
1.038713e-01 1.492647e-12 0.000000e+00 7.737383e-12 
1.036472e-01 1.864956e-12 0.000000e+00 7.689394e-12 
1.034222e-01 2.231735e-12 0.000000e+00 7.616731e-12 
1.031963e-01 2.591387e-12 0.000000e+00 7.519775e-12 
1.029697e-01 2.942351e-12 0.000000e+00 7.399011e-12 
1.027421e-01 3.283111e-12 0.000000e+00 7.255032e-12 
1.025137e-01 3.612202e-12 0.000000e+00 7.088526e-12 
1.022845e-01 3.928214e-12 0.000000e+00 6.900282e-12 
1.020545e-01 4.229800e-12 0.000000e+00 6.691179e-12 
1.018235e-01 4.515683e-12 0.000000e+00 6.462187e-12 
1.015918e-01 4.784657e-12 0.000000e+00 6.214358e-12 
1.013591e-01 5.035595e-12 0.000000e+00 5.948822e-12 
1.011257e-01 5.267455e-12 0.000000e+00 5.666785e-12 
1.008913e-01 5.479278e-12 0.000000e+00 5.369518e-12 
1.006562e-01 5.670200e-12 0.000000e+00 5.058354e-12 
1.004201e-01 5.839448e-12 0.000000e+00 4.734682e-12 
1.001832e-01 5.986348e-12 0.000000e+00 4.399940e-12 
9.994548e-02 6.110323e-12 0.000000e+00 4.055609e-12 
9.970687e-02 6.210899e-12 0.000000e+00 3.703205e-12 
9.946740e-02 6.287706e-12 0.000000e+00 3.344274e-12 
9.922707e-02 6.340474e-12 0.000000e+00 2.980382e-12 
9.898588e-02 6.369040e-12 0.000000e+00 2.613114e-12 
9.874383e-02 6.373345e-12 0.000000e+00 2.244059e-12 
9.850091e-02 6.353436e-12 0.000000e+00 1.874810e-12 
9.825713e-02 6.309459e-12 0.000000e+00 1.506956e-12 
9.801248e-02 6.241667e-12 0.000000e+00 1.142069e-12 
9.776696e-02 6.150409e-12 0.000000e+00 7.817071e-13 
9.752058e-02 6.036137e-12 0.000000e+00 4.273992e-13 
9.727333e-02 5.899395e-12 0.000000e+00 8.064394e-14 
9.702521e-02 5.740822e-12 0.000000e+00 -2.570987e-13 
9.677622e-02 5.561147e-12 0.000000e+00 -5.844129e-13 
9.652635e-02 5.361183e-12 0.000000e+00 -8.999328e-13 
9.627561e-02 5.141828e-12 0.000000e+00 -1.202348e-12 
9.602400e-02 4.904056e-12 0.000000e+00 -1.490410e-12 
9.577152e-02 4.648915e-12 0.000000e+00 -1.762933e-12 
9.551815e-02 4.377520e-12 0.000000e+00 -2.018806e-12 
9.526392e-02 4.091051e-12 0.000000e+00 -2.256988e-12 
9.500880e-02 3.790746e-12 0.000000e+00 -2.476520e-12 
9.475280e-02 3.477893e-12 0.000000e+00 -2.676523e-12 
9.449593e-02 3.153829e-12 0.000000e+00 -2.856205e-12 
9.423817e-02 2.819931e-12 0.000000e+00 -3.014861e-12 
9.397953e-02 2.477609e-12 0.000000e+00 -3.151877e-12 
9.372001e-02 2.128305e-12 0.000000e+00 -3.266732e-12 
9.345961e-02 1.773480e-12 0.000000e+00 -3.358997e-12 
9.319832e-02 1.414613e-12 0.000000e+00 -3.428341e-12 
9.293615e-02 1.053192e-12 0.000000e+00 -3.474527e-12 
9.267309e-02 6.907086e-13 0.000000e+00 -3.497417e-12 
9.240914e-02 3.286529e-13 0.000000e+00 -3.496967e-12 
9.214430e-02 -3.149476e-14 0.000000e+00 -3.473231e-12 
9.187857e-02 -3.882686e-13 0.000000e+00 -3.426355e-12 
9.161196e-02 -7.402235e-13 0.000000e+00 -3.356583e-12 
9.134445e-02 -1.085941e-12 0.000000e+00 -3.264249e-12 
9.107605e-02 -1.424035e-12 0.000000e+00 -3.149777e-12 
9.080675e-02 -1.753156e-12 0.000000e+00 -3.013680e-12 
9.053656e-02 -2.072000e-12 0.000000e+00 -2.856556e-12 
9.026548e-02 -2.379307e-12 0.000000e+00 -2.679086e-12 
8.999350e-02 -2.673874e-12 0.000000e+00 -2.482028e-12 
8.972063e-02 -2.954553e-12 0.000000e+00 -2.266218e-12 
8.944685e-02 -3.220258e-12 0.000000e+00 -2.032560e-12 
8.917218e-02 -3.469968e-12 0.000000e+00 -1.782028e-12 
8.889660e-02 -3.702732e-12 0.000000e+00 -1.515659e-12 
8.862013e-02 -3.917673e-12 0.000000e+00 -1.234545e-12 
8.834276e-02 -4.113986e-12 0.000000e+00 -9.398344e-13 
8.806448e-02 -4.290949e-12 0.000000e+00 -6.327231e-13 
8.778530e-02 -4.447916e-12 0.000000e+00 -3.144498e-13 
8.750521e-02 -4.584327e-12 0.000000e+00 1.370876e-14 
8.722422e-02 -4.699706e-12 0.000000e+00 3.504434e-13 
8.694232e-02 -4.793660e-12 0.000000e+00 6.944180e-13 
8.665952e-02 -4.865887e-12 0.000000e+00 1.044275e-12 
8.637581e-02 -4.916168e-12 0.000000e+00 1.398640e-12 
8.609118e-02 -4.944374e-12 0.000000e+00 1.756131e-12 
8.580565e-02 -4.950461e-12 0.000000e+00 2.115357e-12 
8.551921e-02 -4.934475e-12 0.000000e+00 2.474933e-12 
8.523186e-02 -4.896545e-12 0.000000e+00 2.833476e-12 
8.494359e-02 -4.836885e-12 0.000000e+00 3.189618e-12 
8.465441e-02 -4.755794e-12 0.000000e+00 3.542005e-12 
8.436432e-02 -4.653650e-12 0.000000e+00 3.889307e-12 
8.407331e-02 -4.530914e-12 0.000000e+00 4.230222e-12 
8.378138e-02 -4.388119e-12 0.000000e+00 4.563480e-12 
8.348854e-02 -4.225877e-12 0.000000e+00 4.887846e-12 
8.319478e-02 -4.044867e-12 0.000000e+00 5.202129e-12 
8.290011e-02 -3.845838e-12 0.000000e+00 5.505183e-12 
8.260451e-02 -3.629605e-12 0.000000e+00 5.795912e-12 
8.230799e-02 -3.397041e-12 0.000000e+00 6.073272e-12 
8.201055e-02 -3.149077e-12 0.000000e+00 6.336280e-12 
8.171219e-02 -2.886698e-12 0.000000e+00 6.584012e-12 
8.141290e-02 -2.610936e-12 0.000000e+00 6.815606e-12 
8.111270e-02 -2.322868e-12 0.000000e+00 7.030271e-12 
8.081156e-02 -2.023610e-12 0.000000e+00 7.227280e-12 
8.050950e-02 -1.714314e-12 0.000000e+00 7.405982e-12 
8.020652e-02 -1.396163e-12 0.000000e+00 7.565796e-12 
7.990261e-02 -1.070364e-12 0.000000e+00 7.706219e-12 
7.959777e-02 -7.381458e-13 0.000000e+00 7.826821e-12 
7.929200e-02 -4.007521e-13 0.000000e+00 7.927252e-12 
7.898530e-02 -5.943869e-14 0.000000e+00 8.007237e-12 
7.867767e-02 2.845330e-13 0.000000e+00 8.066582e-12 
7.836911e-02 6.299000e-13 0.000000e+00 8.105170e-12 
7.805962e-02 9.754031e-13 0.000000e+00 8.122961e-12 
7.774919e-02 1.319791e-12 0.000000e+00 8.119995e-12 
7.743783e-02 1.661825e-12 0.000000e+00 8.096387e-12 
7.712554e-02 2.000285e-12 0.000000e+00 8.052327e-12 
7.681231e-02 2.333972e-12 0.000000e+00 7.988080e-12 
7.649814e-02 2.661711e-12 0.000000e+00 7.903985e-12 
7.618303e-02 2.982362e-12 0.000000e+00 7.800448e-12 
7.586699e-02 3.294814e-12 0.000000e+00 7.677946e-12 
7.555001e-02 3.597998e-12 0.000000e+00 7.537022e-12 
7.523209e-02 3.890885e-12 0.000000e+00 7.378281e-12 
7.491323e-02 4.172491e-12 0.000000e+00 7.202389e-12 
7.459343e-02 4.441880e-12 0.000000e+00 7.010069e-12 
7.427268e-02 4.698169e-12 0.000000e+00 6.802100e-12 
7.395100e-02 4.940527e-12 0.000000e+00 6.579309e-12 
7.362837e-02 5.168180e-12 0.000000e+00 6.342573e-12 
7.330479e-02 5.380415e-12 0.000000e+00 6.092809e-12 
7.298027e-02 5.576577e-12 0.000000e+00 5.830978e-12 
7.265481e-02 5.756074e-12 0.000000e+00 5.558074e-12 
7.232839e-02 5.918381e-12 0.000000e+00 5.275124e-12 
7.200103e-02 6.063035e-12 0.000000e+00 4.983181e-12 
7.167272e-02 6.189642e-12 0.000000e+00 4.683324e-12 
7.134346e-02 6.297874e-12 0.000000e+00 4.376650e-12 
7.101326e-02 6.387470e-12 0.000000e+00 4.064273e-12 
7.068210e-02 6.458238e-12 0.000000e+00 3.747314e-12 
7.034999e-02 6.510054e-12 0.000000e+00 3.426906e-12 
7.001692e-02 6.542861e-12 0.000000e+00 3.104181e-12 
6.968291e-02 6.556670e-12 0.000000e+00 2.780272e-12 
6.934794e-02 6.551557e-12 0.000000e+00 2.456304e-12 
6.901201e-02 6.527664e-12 0.000000e+00 2.133395e-12 
6.867514e-02 6.485196e-12 0.000000e+00 1.812649e-12 
6.833730e-02 6.424424e-12 0.000000e+00 1.495152e-12 
6.799851e-02 6.345676e-12 0.000000e+00 1.181971e-12 
6.765876e-02 6.249341e-12 0.000000e+00 8.741449e-13 
6.731805e-02 6.135865e-12 0.000000e+00 5.726891e-13 
6.697638e-02 6.005748e-12 0.000000e+00 2.785855e-13 
6.663376e-02 5.859543e-12 0.000000e+00 -7.217569e-15 
6.629017e-02 5.697853e-12 0.000000e+00 -2.838093e-13 
6.594562e-02 5.521327e-12 0.000000e+00 -5.503186e-13 
6.560011e-02 5.330661e-12 0.000000e+00 -8.059170e-13 
6.525363e-02 5.126589e-12 0.000000e+00 -1.049821e-12 
6.490620e-02 4.909885e-12 0.000000e+00 -1.281295e-12 
6.455779e-02 4.681357e-12 0.000000e+00 -1.499651e-12 
6.420843e-02 4.441847e-12 0.000000e+00 -1.704254e-12 
6.385809e-02 4.192222e-12 0.000000e+00 -1.894520e-12 
6.350680e-02 3.933378e-12 0.000000e+00 -2.069920e-12 
6.315453e-02 3.666230e-12 0.000000e+00 -2.229980e-12 
6.280130e-02 3.391711e-12 0.000000e+00 -2.374281e-12 
6.244709e-02 3.110770e-12 0.000000e+00 -2.502463e-12 
6.209192e-02 2.824368e-12 0.000000e+00 -2.614222e-12 
6.173578e-02 2.533472e-12 0.000000e+00 -2.709312e-12 
6.137867e-02 2.239055e-12 0.000000e+00 -2.787545e-12 
6.102058e-02 1.942089e-12 0.000000e+00 -2.848791e-12 
6.066152e-02 1.643546e-12 0.000000e+00 -2.892975e-12 
6.030149e-02 1.344390e-12 0.000000e+00 -2.920083e-12 
5.994049e-02 1.045578e-12 0.000000e+00 -2.930154e-12 
5.957851e-02 7.480557e-13 0.000000e+00 -2.923284e-12 
5.921556e-02 4.527510e-13 0.000000e+00 -2.899621e-12 
5.885163e-02 1.605759e-13 0.000000e+00 -2.859370e-12 
5.848673e-02 -1.275791e-13 0.000000e+00 -2.802784e-12 
5.812085e-02 -4.108468e-13 0.000000e+00 -2.730167e-12 
5.775399e-02 -6.883862e-13 0.000000e+00 -2.641871e-12 
5.738615e-02 -9.593847e-13 0.000000e+00 -2.538295e-12 
5.701733e-02 -1.223061e-12 0.000000e+00 -2.419883e-12 
5.664754e-02 -1.478666e-12 0.000000e+00 -2.287119e-12 
5.627676e-02 -1.725487e-12 0.000000e+00 -2.140529e-12 
5.590500e-02 -1.962848e-12 0.000000e+00 -1.980676e-12 
5.553226e-02 -2.190109e-12 0.000000e+00 -1.808159e-12 
5.515853e-02 -2.406674e-12 0.000000e+00 -1.623608e-12 
5.478383e-02 -2.611986e-12 0.000000e+00 -1.427684e-12 
5.440814e-02 -2.805532e-12 0.000000e+00 -1.221075e-12 
5.403146e-02 -2.986843e-12 0.000000e+00 -1.004496e-12 
5.365380e-02 -3.155493e-12 0.000000e+00 -7.786808e-13 
5.327516e-02 -3.311102e-12 0.000000e+00 -5.443843e-13 
5.289552e-02 -3.453337e-12 0.000000e+00 -3.023775e-13 
5.251490e-02 -3.581910e-12 0.000000e+00 -5.344479e-14 
5.213330e-02 -3.696580e-12 0.000000e+00 2.016183e-13 
5.175070e-02 -3.797152e-12 0.000000e+00 4.620085e-13 
5.136711e-02 -3.883478e-12 0.000000e+00 7.269169e-13 
5.098254e-02 -3.955454e-12 0.000000e+00 9.955323e-13 
5.059697e-02 -4.013026e-12 0.000000e+00 1.267043e-12 
5.021042e-02 -4.056179e-12 0.000000e+00 1.540642e-12 
4.982287e-02 -4.084947e-12 0.000000e+00 1.815525e-12 
4.943433e-02 -4.099406e-12 0.000000e+00 2.090897e-12 
4.904479e-02 -4.099673e-12 0.000000e+00 2.365973e-12 
4.865426e-02 -4.085908e-12 0.000000e+00 2.639981e-12 
4.826274e-02 -4.058310e-12 0.000000e+00 2.912164e-12 
4.787022e-02 -4.017118e-12 0.000000e+00 3.181782e-12 
4.747671e-02 -3.962605e-12 0.000000e+00 3.448113e-12 
4.708220e-02 -3.895084e-12 0.000000e+00 3.710458e-12 
4.668669e-02 -3.814898e-12 0.000000e+00 3.968140e-12 
4.629019e-02 -3.722425e-12 0.000000e+00 4.220507e-12 
4.589269e-02 -3.618073e-12 0.000000e+00 4.466934e-12 
4.549419e-02 -3.502276e-12 0.000000e+00 4.706821e-12 
4.509469e-02 -3.375498e-12 0.000000e+00 4.939603e-12 
4.469419e-02 -3.238226e-12 0.000000e+00 5.164739e-12 
4.429269e-02 -3.090970e-12 0.000000e+00 5.381724e-12 
4.389018e-02 -2.934261e-12 0.000000e+00 5.590084e-12 
4.348668e-02 -2.768648e-12 0.000000e+00 5.789380e-12 
4.308217e-02 -2.594695e-12 0.000000e+00 5.979204e-12 
4.267666e-02 -2.412984e-12 0.000000e+00 6.159186e-12 
4.227015e-02 -2.224106e-12 0.000000e+00 6.328991e-12 
4.186263e-02 -2.028664e-12 0.000000e+00 6.488317e-12 
4.145411e-02 -1.827268e-12 0.000000e+00 6.636901e-12 
4.104458e-02 -1.620534e-12 0.000000e+00 6.774514e-12 
4.063405e-02 -1.409083e-12 0.000000e+00 6.900963e-12 
4.022251e-02 -1.193536e-12 0.000000e+00 7.016092e-12 
3.980996e-02 -9.745179e-13 0.000000e+00 7.119780e-12 
3.939641e-02 -7.526475e-13 0.000000e+00 7.211939e-12 
3.898184e-02 -5.285420e-13 0.000000e+00 7.292519e-12 
3.856627e-02 -3.028128e-13 0.000000e+00 7.361502e-12 
3.814969e-02 -7.606385e-14 0.000000e+00 7.418903e-12 
3.773210e-02 1.511096e-13 0.000000e+00 7.464771e-12 
3.731349e-02 3.781229e-13 0.000000e+00 7.499186e-12 
3.689388e-02 6.044034e-13 0.000000e+00 7.522257e-12 
3.647325e-02 8.293921e-13 0.000000e+00 7.534126e-12 
3.605161e-02 1.052545e-12 0.000000e+00 7.534960e-12 
3.562896e-02 1.273333e-12 0.000000e+00 7.524957e-12 
3.520529e-02 1.491245e-12 0.000000e+00 7.504337e-12 
3.478061e-02 1.705790e-12 0.000000e+00 7.473348e-12 
3.435492e-02 1.916494e-12 0.000000e+00 7.432261e-12 
3.392821e-02 2.122904e-12 0.000000e+00 7.381367e-12 
3.350048e-02 2.324587e-12 0.000000e+00 7.320980e-12 
3.307174e-02 2.521136e-12 0.000000e+00 7.251433e-12 
3.264198e-02 2.712160e-12 0.000000e+00 7.173074e-12 
3.221120e-02 2.897298e-12 0.000000e+00 7.086270e-12 
3.177940e-02 3.076206e-12 0.000000e+00 6.991402e-12 
3.134659e-02 3.248568e-12 0.000000e+00 6.888865e-12 
3.091276e-02 3.414092e-12 0.000000e+00 6.779062e-12 
3.047790e-02 3.572507e-12 0.000000e+00 6.662410e-12 
3.004203e-02 3.723569e-12 0.000000e+00 6.539334e-12 
2.960513e-02 3.867058e-12 0.000000e+00 6.410264e-12 
2.916722e-02 4.002778e-12 0.000000e+00 6.275637e-12 
2.872828e-02 4.130558e-12 0.000000e+00 6.135893e-12 
2.828832e-02 4.250248e-12 0.000000e+00 5.991478e-12 
2.784733e-02 4.361725e-12 0.000000e+00 5.842834e-12 
2.740533e-02 4.464886e-12 0.000000e+00 5.690406e-12 
2.696229e-02 4.559654e-12 0.000000e+00 5.534639e-12 
2.651824e-02 4.645972e-12 0.000000e+00 5.375971e-12 
2.607316e-02 4.723806e-12 0.000000e+00 5.214840e-12 
2.562705e-02 4.793141e-12 0.000000e+00 5.051676e-12 
2.517992e-02 4.853984e-12 0.000000e+00 4.886903e-12 
2.473175e-02 4.906361e-12 0.000000e+00 4.720939e-12 
2.428257e-02 4.950318e-12 0.000000e+00 4.554193e-12 
2.383235e-02 4.985917e-12 0.000000e+00 4.387063e-12 
2.338111e-02 5.013239e-12 0.000000e+00 4.219937e-12 
2.292883e-02 5.032381e-12 0.000000e+00 4.053193e-12 
2.247553e-02 5.043454e-12 0.000000e+00 3.887196e-12 
2.202120e-02 5.046587e-12 0.000000e+00 3.722298e-12 
2.156584e-02 5.041917e-12 0.000000e+00 3.558836e-12 
2.110944e-02 5.029599e-12 0.000000e+00 3.397135e-12 
2.065202e-02 5.009798e-12 0.000000e+00 3.237504e-12 
2.019356e-02 4.982687e-12 0.000000e+00 3.080235e-12 
1.973407e-02 4.948453e-12 0.000000e+00 2.925608e-12 
1.927355e-02 4.907289e-12 0.000000e+00 2.773883e-12 
1.881199e-02 4.859396e-12 0.000000e+00 2.625305e-12 
1.834940e-02 4.804982e-12 0.000000e+00 2.480102e-12 
1.788577e-02 4.744263e-12 0.000000e+00 2.338485e-12 
1.742111e-02 4.677457e-12 0.000000e+00 2.200646e-12 
1.695542e-02 4.604787e-12 0.000000e+00 2.066761e-12 
1.648869e-02 4.526479e-12 0.000000e+00 1.936988e-12 
1.602092e-02 4.442762e-12 0.000000e+00 1.811468e-12 
1.555212e-02 4.353867e-12 0.000000e+00 1.690323e-12 
1.508227e-02 4.260023e-12 0.000000e+00 1.573657e-12 
1.461139e-02 4.161462e-12 0.000000e+00 1.461560e-12 
1.413947e-02 4.058412e-12 0.000000e+00 1.354099e-12 
1.366652e-02 3.951103e-12 0.000000e+00 1.251328e-12 
1.319252e-02 3.839759e-12 0.000000e+00 1.153283e-12 
1.271748e-02 3.724604e-12 0.000000e+00 1.059980e-12 
1.224141e-02 3.605857e-12 0.000000e+00 9.714236e-13 
1.176429e-02 3.483734e-12 0.000000e+00 8.875974e-13 
1.128613e-02 3.358445e-12 0.000000e+00 8.084708e-13 
1.080693e-02 3.230197e-12 0.000000e+00 7.339971e-13 
1.032669e-02 3.099190e-12 0.000000e+00 6.641140e-13 
9.845399e-03 2.965620e-12 0.000000e+00 5.987439e-13 
9.363070e-03 2.829674e-12 0.000000e+00 5.377945e-13 
8.879697e-03 2.691537e-12 0.000000e+00 4.811589e-13 
8.395280e-03 2.551383e-12 0.000000e+00 4.287158e-13 
7.909819e-03 2.409384e-12 0.000000e+00 3.803303e-13 
7.423312e-03 2.265701e-12 0.000000e+00 3.358538e-13 
6.935760e-03 2.120492e-12 0.000000e+00 2.951245e-13 
6.447162e-03 1.973906e-12 0.000000e+00 2.579679e-13 
5.957517e-03 1.826086e-12 0.000000e+00 2.241970e-13 
5.466826e-03 1.677168e-12 0.000000e+00 1.936126e-13 
4.975088e-03 1.527283e-12 0.000000e+00 1.660043e-13 
4.482301e-03 1.376555e-12 0.000000e+00 1.411508e-13 
3.988467e-03 1.225102e-12 0.000000e+00 1.188206e-13 
3.493583e-03 1.073038e-12 0.000000e+00 9.877307e-14 
2.997651e-03 9.204697e-13 0.000000e+00 8.075832e-14 
2.500669e-03 7.675011e-13 0.000000e+00 6.451741e-14 
2.002637e-03 6.142311e-13 0.000000e+00 4.978093e-14 
1.503554e-03 4.607548e-13 0.000000e+00 3.626650e-14 
1.003421e-03 3.071644e-13 0.000000e+00 2.367565e-14 
5.022364e-04 1.535499e-13 0.000000e+00 1.169336e-14 
0.000000e+00 0.000000e+00 0.000000e+00 0.000000e+00 
