time=200.000000
u1[0] u1[1] u2[0] u2[1]n1.381786e-01 0.000000e+00 0.000000e+00 0.000000e+00 
1.381786e-01 3.930066e-12 0.000000e+00 -7.456407e-13 
1.381787e-01 7.863662e-12 0.000000e+00 -1.476978e-12 
1.381790e-01 1.179732e-11 0.000000e+00 -2.202855e-12 
1.381794e-01 1.573031e-11 0.000000e+00 -2.926258e-12 
1.381799e-01 1.966219e-11 0.000000e+00 -3.648550e-12 
1.381805e-01 2.359259e-11 0.000000e+00 -4.370503e-12 
1.381812e-01 2.752122e-11 0.000000e+00 -5.092610e-12 
1.381820e-01 3.144780e-11 0.000000e+00 -5.815209e-12 
1.381830e-01 3.537206e-11 0.000000e+00 -6.538543e-12 
1.381840e-01 3.929375e-11 0.000000e+00 -7.262794e-12 
1.381852e-01 4.321261e-11 0.000000e+00 -7.988105e-12 
1.381865e-01 4.712839e-11 0.000000e+00 -8.714590e-12 
1.381879e-01 5.104083e-11 0.000000e+00 -9.442344e-12 
1.381893e-01 5.494968e-11 0.000000e+00 -1.017145e-11 
1.381910e-01 5.885466e-11 0.000000e+00 -1.090197e-11 
1.381927e-01 6.275553e-11 0.000000e+00 -1.163396e-11 
1.381945e-01 6.665201e-11 0.000000e+00 -1.236749e-11 
1.381964e-01 7.054383e-11 0.000000e+00 -1.310260e-11 
1.381985e-01 7.443072e-11 0.000000e+00 -1.383934e-11 
1.382006e-01 7.831241e-11 0.000000e+00 -1.457774e-11 
1.382029e-01 8.218861e-11 0.000000e+00 -1.531785e-11 
1.382053e-01 8.605904e-11 0.000000e+00 -1.605969e-11 
1.382078e-01 8.992342e-11 0.000000e+00 -1.680330e-11 
1.382103e-01 9.378146e-11 0.000000e+00 -1.754872e-11 
1.382130e-01 9.763288e-11 0.000000e+00 -1.829597e-11 
1.382159e-01 1.014774e-10 0.000000e+00 -1.904507e-11 
1.382188e-01 1.053147e-10 0.000000e+00 -1.979606e-11 
1.382218e-01 1.091445e-10 0.000000e+00 -2.054896e-11 
1.382249e-01 1.129665e-10 0.000000e+00 -2.130379e-11 
1.382282e-01 1.167804e-10 0.000000e+00 -2.206057e-11 
1.382315e-01 1.205859e-10 0.000000e+00 -2.281933e-11 
1.382350e-01 1.243828e-10 0.000000e+00 -2.358009e-11 
1.382386e-01 1.281706e-10 0.000000e+00 -2.434286e-11 
1.382422e-01 1.319492e-10 0.000000e+00 -2.510767e-11 
1.382460e-01 1.357182e-10 0.000000e+00 -2.587452e-11 
1.382499e-01 1.394773e-10 0.000000e+00 -2.664345e-11 
1.382539e-01 1.432262e-10 0.000000e+00 -2.741446e-11 
1.382580e-01 1.469646e-10 0.000000e+00 -2.818758e-11 
1.382622e-01 1.506922e-10 0.000000e+00 -2.896282e-11 
1.382665e-01 1.544088e-10 0.000000e+00 -2.974019e-11 
1.382709e-01 1.581139e-10 0.000000e+00 -3.051971e-11 
1.382754e-01 1.618073e-10 0.000000e+00 -3.130139e-11 
1.382800e-01 1.654887e-10 0.000000e+00 -3.208525e-11 
1.382847e-01 1.691577e-10 0.000000e+00 -3.287131e-11 
1.382896e-01 1.728141e-10 0.000000e+00 -3.365957e-11 
1.382945e-01 1.764576e-10 0.000000e+00 -3.445006e-11 
1.382995e-01 1.800879e-10 0.000000e+00 -3.524277e-11 
1.383046e-01 1.837046e-10 0.000000e+00 -3.603774e-11 
1.383099e-01 1.873074e-10 0.000000e+00 -3.683496e-11 
1.383152e-01 1.908960e-10 0.000000e+00 -3.763446e-11 
1.383206e-01 1.944702e-10 0.000000e+00 -3.843624e-11 
1.383262e-01 1.980296e-10 0.000000e+00 -3.924033e-11 
1.383318e-01 2.015738e-10 0.000000e+00 -4.004672e-11 
1.383375e-01 2.051027e-10 0.000000e+00 -4.085543e-11 
1.383434e-01 2.086158e-10 0.000000e+00 -4.166649e-11 
1.383493e-01 2.121129e-10 0.000000e+00 -4.247988e-11 
1.383553e-01 2.155937e-10 0.000000e+00 -4.329564e-11 
1.383615e-01 2.190578e-10 0.000000e+00 -4.411377e-11 
1.383677e-01 2.225049e-10 0.000000e+00 -4.493427e-11 
1.383740e-01 2.259347e-10 0.000000e+00 -4.575717e-11 
1.383804e-01 2.293470e-10 0.000000e+00 -4.658248e-11 
1.383870e-01 2.327413e-10 0.000000e+00 -4.741020e-11 
1.383936e-01 2.361174e-10 0.000000e+00 -4.824034e-11 
1.384003e-01 2.394750e-10 0.000000e+00 -4.907291e-11 
1.384071e-01 2.428137e-10 0.000000e+00 -4.990794e-11 
1.384140e-01 2.461333e-10 0.000000e+00 -5.074541e-11 
1.384210e-01 2.494334e-10 0.000000e+00 -5.158535e-11 
1.384280e-01 2.527136e-10 0.000000e+00 -5.242776e-11 
1.384352e-01 2.559738e-10 0.000000e+00 -5.327265e-11 
1.384425e-01 2.592136e-10 0.000000e+00 -5.412004e-11 
1.384498e-01 2.624326e-10 0.000000e+00 -5.496992e-11 
1.384573e-01 2.656306e-10 0.000000e+00 -5.582230e-11 
1.384648e-01 2.688072e-10 0.000000e+00 -5.667720e-11 
1.384724e-01 2.719621e-10 0.000000e+00 -5.753461e-11 
1.384802e-01 2.750950e-10 0.000000e+00 -5.839455e-11 
1.384880e-01 2.782056e-10 0.000000e+00 -5.925703e-11 
1.384958e-01 2.812936e-10 0.000000e+00 -6.012203e-11 
1.385038e-01 2.843586e-10 0.000000e+00 -6.098958e-11 
1.385119e-01 2.874004e-10 0.000000e+00 -6.185967e-11 
1.385200e-01 2.904186e-10 0.000000e+00 -6.273232e-11 
1.385283e-01 2.934129e-10 0.000000e+00 -6.360751e-11 
1.385366e-01 2.963829e-10 0.000000e+00 -6.448525e-11 
1.385450e-01 2.993285e-10 0.000000e+00 -6.536555e-11 
1.385535e-01 3.022492e-10 0.000000e+00 -6.624841e-11 
1.385620e-01 3.051447e-10 0.000000e+00 -6.713382e-11 
1.385707e-01 3.080147e-10 0.000000e+00 -6.802178e-11 
1.385794e-01 3.108590e-10 0.000000e+00 -6.891230e-11 
1.385882e-01 3.136771e-10 0.000000e+00 -6.980537e-11 
1.385971e-01 3.164688e-10 0.000000e+00 -7.070098e-11 
1.386061e-01 3.192337e-10 0.000000e+00 -7.159914e-11 
1.386152e-01 3.219716e-10 0.000000e+00 -7.249984e-11 
1.386243e-01 3.246821e-10 0.000000e+00 -7.340306e-11 
1.386335e-01 3.273649e-10 0.000000e+00 -7.430881e-11 
1.386428e-01 3.300197e-10 0.000000e+00 -7.521708e-11 
1.386521e-01 3.326462e-10 0.000000e+00 -7.612785e-11 
1.386615e-01 3.352440e-10 0.000000e+00 -7.704112e-11 
1.386711e-01 3.378128e-10 0.000000e+00 -7.795687e-11 
1.386806e-01 3.403524e-10 0.000000e+00 -7.887510e-11 
1.386903e-01 3.428623e-10 0.000000e+00 -7.979578e-11 
1.387000e-01 3.453424e-10 0.000000e+00 -8.071890e-11 
1.387098e-01 3.477922e-10 0.000000e+00 -8.164444e-11 
1.387196e-01 3.502115e-10 0.000000e+00 -8.257239e-11 
1.387296e-01 3.526000e-10 0.000000e+00 -8.350273e-11 
1.387396e-01 3.549572e-10 0.000000e+00 -8.443543e-11 
1.387496e-01 3.572830e-10 0.000000e+00 -8.537047e-11 
1.387598e-01 3.595770e-10 0.000000e+00 -8.630783e-11 
1.387700e-01 3.618389e-10 0.000000e+00 -8.724748e-11 
1.387802e-01 3.640684e-10 0.000000e+00 -8.818940e-11 
1.387906e-01 3.662651e-10 0.000000e+00 -8.913355e-11 
1.388010e-01 3.684289e-10 0.000000e+00 -9.007990e-11 
1.388114e-01 3.705592e-10 0.000000e+00 -9.102842e-11 
1.388219e-01 3.726559e-10 0.000000e+00 -9.197908e-11 
1.388325e-01 3.747187e-10 0.000000e+00 -9.293184e-11 
1.388431e-01 3.767472e-10 0.000000e+00 -9.388665e-11 
1.388538e-01 3.787411e-10 0.000000e+00 -9.484349e-11 
1.388646e-01 3.807001e-10 0.000000e+00 -9.580230e-11 
1.388754e-01 3.826239e-10 0.000000e+00 -9.676305e-11 
1.388863e-01 3.845123e-10 0.000000e+00 -9.772568e-11 
1.388972e-01 3.863648e-10 0.000000e+00 -9.869015e-11 
1.389082e-01 3.881813e-10 0.000000e+00 -9.965640e-11 
1.389192e-01 3.899613e-10 0.000000e+00 -1.006244e-10 
1.389303e-01 3.917047e-10 0.000000e+00 -1.015940e-10 
1.389414e-01 3.934111e-10 0.000000e+00 -1.025653e-10 
1.389526e-01 3.950802e-10 0.000000e+00 -1.035381e-10 
1.389638e-01 3.967117e-10 0.000000e+00 -1.045124e-10 
1.389751e-01 3.983054e-10 0.000000e+00 -1.054882e-10 
1.389865e-01 3.998609e-10 0.000000e+00 -1.064653e-10 
1.389978e-01 4.013779e-10 0.000000e+00 -1.074437e-10 
1.390093e-01 4.028562e-10 0.000000e+00 -1.084233e-10 
1.390207e-01 4.042955e-10 0.000000e+00 -1.094040e-10 
1.390323e-01 4.056955e-10 0.000000e+00 -1.103858e-10 
1.390438e-01 4.070559e-10 0.000000e+00 -1.113685e-10 
1.390554e-01 4.083764e-10 0.000000e+00 -1.123522e-10 
1.390670e-01 4.096568e-10 0.000000e+00 -1.133366e-10 
1.390787e-01 4.108968e-10 0.000000e+00 -1.143217e-10 
1.390904e-01 4.120960e-10 0.000000e+00 -1.153075e-10 
1.391022e-01 4.132544e-10 0.000000e+00 -1.162937e-10 
1.391140e-01 4.143714e-10 0.000000e+00 -1.172804e-10 
1.391258e-01 4.154471e-10 0.000000e+00 -1.182674e-10 
1.391377e-01 4.164809e-10 0.000000e+00 -1.192546e-10 
1.391496e-01 4.174727e-10 0.000000e+00 -1.202418e-10 
1.391615e-01 4.184223e-10 0.000000e+00 -1.212291e-10 
1.391735e-01 4.193294e-10 0.000000e+00 -1.222162e-10 
1.391855e-01 4.201937e-10 0.000000e+00 -1.232030e-10 
1.391975e-01 4.210149e-10 0.000000e+00 -1.241895e-10 
1.392095e-01 4.217930e-10 0.000000e+00 -1.251754e-10 
1.392216e-01 4.225275e-10 0.000000e+00 -1.261607e-10 
1.392337e-01 4.232183e-10 0.000000e+00 -1.271451e-10 
1.392458e-01 4.238652e-10 0.000000e+00 -1.281287e-10 
1.392580e-01 4.244678e-10 0.000000e+00 -1.291112e-10 
1.392702e-01 4.250261e-10 0.000000e+00 -1.300925e-10 
1.392824e-01 4.255397e-10 0.000000e+00 -1.310724e-10 
1.392946e-01 4.260085e-10 0.000000e+00 -1.320507e-10 
1.393068e-01 4.264322e-10 0.000000e+00 -1.330274e-10 
1.393191e-01 4.268107e-10 0.000000e+00 -1.340023e-10 
1.393313e-01 4.271438e-10 0.000000e+00 -1.349751e-10 
1.393436e-01 4.274311e-10 0.000000e+00 -1.359458e-10 
1.393559e-01 4.276727e-10 0.000000e+00 -1.369141e-10 
1.393682e-01 4.278682e-10 0.000000e+00 -1.378799e-10 
1.393806e-01 4.280175e-10 0.000000e+00 -1.388429e-10 
1.393929e-01 4.281205e-10 0.000000e+00 -1.398030e-10 
1.394052e-01 4.281769e-10 0.000000e+00 -1.407601e-10 
1.394176e-01 4.281866e-10 0.000000e+00 -1.417139e-10 
1.394300e-01 4.281494e-10 0.000000e+00 -1.426641e-10 
1.394423e-01 4.280652e-10 0.000000e+00 -1.436107e-10 
1.394547e-01 4.279339e-10 0.000000e+00 -1.445534e-10 
1.394671e-01 4.277553e-10 0.000000e+00 -1.454919e-10 
1.394795e-01 4.275292e-10 0.000000e+00 -1.464262e-10 
1.394918e-01 4.272556e-10 0.000000e+00 -1.473558e-10 
1.395042e-01 4.269344e-10 0.000000e+00 -1.482807e-10 
1.395166e-01 4.265654e-10 0.000000e+00 -1.492006e-10 
1.395290e-01 4.261485e-10 0.000000e+00 -1.501153e-10 
1.395414e-01 4.256837e-10 0.000000e+00 -1.510245e-10 
1.395537e-01 4.251708e-10 0.000000e+00 -1.519280e-10 
1.395661e-01 4.246097e-10 0.000000e+00 -1.528255e-10 
1.395784e-01 4.240005e-10 0.000000e+00 -1.537168e-10 
1.395908e-01 4.233430e-10 0.000000e+00 -1.546017e-10 
1.396031e-01 4.226372e-10 0.000000e+00 -1.554798e-10 
1.396155e-01 4.218831e-10 0.000000e+00 -1.563509e-10 
1.396278e-01 4.210805e-10 0.000000e+00 -1.572148e-10 
1.396401e-01 4.202295e-10 0.000000e+00 -1.580712e-10 
1.396524e-01 4.193301e-10 0.000000e+00 -1.589198e-10 
1.396646e-01 4.183823e-10 0.000000e+00 -1.597603e-10 
1.396769e-01 4.173860e-10 0.000000e+00 -1.605925e-10 
1.396891e-01 4.163413e-10 0.000000e+00 -1.614160e-10 
1.397013e-01 4.152481e-10 0.000000e+00 -1.622306e-10 
1.397135e-01 4.141066e-10 0.000000e+00 -1.630360e-10 
1.397257e-01 4.129168e-10 0.000000e+00 -1.638319e-10 
1.397378e-01 4.116786e-10 0.000000e+00 -1.646179e-10 
1.397499e-01 4.103923e-10 0.000000e+00 -1.653939e-10 
1.397620e-01 4.090577e-10 0.000000e+00 -1.661594e-10 
1.397741e-01 4.076752e-10 0.000000e+00 -1.669142e-10 
1.397861e-01 4.062446e-10 0.000000e+00 -1.676579e-10 
1.397981e-01 4.047662e-10 0.000000e+00 -1.683903e-10 
1.398101e-01 4.032401e-10 0.000000e+00 -1.691110e-10 
1.398220e-01 4.016664e-10 0.000000e+00 -1.698197e-10 
1.398339e-01 4.000452e-10 0.000000e+00 -1.705161e-10 
1.398458e-01 3.983767e-10 0.000000e+00 -1.711998e-10 
1.398576e-01 3.966610e-10 0.000000e+00 -1.718705e-10 
1.398694e-01 3.948984e-10 0.000000e+00 -1.725279e-10 
1.398811e-01 3.930890e-10 0.000000e+00 -1.731717e-10 
1.398928e-01 3.912331e-10 0.000000e+00 -1.738014e-10 
1.399045e-01 3.893308e-10 0.000000e+00 -1.744169e-10 
1.399161e-01 3.873824e-10 0.000000e+00 -1.750176e-10 
1.399277e-01 3.853881e-10 0.000000e+00 -1.756034e-10 
1.399392e-01 3.833483e-10 0.000000e+00 -1.761738e-10 
1.399507e-01 3.812631e-10 0.000000e+00 -1.767285e-10 
1.399621e-01 3.791328e-10 0.000000e+00 -1.772672e-10 
1.399735e-01 3.769578e-10 0.000000e+00 -1.777894e-10 
1.399848e-01 3.747384e-10 0.000000e+00 -1.782949e-10 
1.399960e-01 3.724749e-10 0.000000e+00 -1.787833e-10 
1.400072e-01 3.701676e-10 0.000000e+00 -1.792543e-10 
1.400184e-01 3.678169e-10 0.000000e+00 -1.797075e-10 
1.400295e-01 3.654232e-10 0.000000e+00 -1.801425e-10 
1.400405e-01 3.629869e-10 0.000000e+00 -1.805590e-10 
1.400514e-01 3.605083e-10 0.000000e+00 -1.809567e-10 
1.400623e-01 3.579879e-10 0.000000e+00 -1.813352e-10 
1.400732e-01 3.554261e-10 0.000000e+00 -1.816942e-10 
1.400839e-01 3.528233e-10 0.000000e+00 -1.820333e-10 
1.400946e-01 3.501801e-10 0.000000e+00 -1.823521e-10 
1.401053e-01 3.474968e-10 0.000000e+00 -1.826503e-10 
1.401158e-01 3.447740e-10 0.000000e+00 -1.829277e-10 
1.401263e-01 3.420122e-10 0.000000e+00 -1.831837e-10 
1.401367e-01 3.392120e-10 0.000000e+00 -1.834182e-10 
1.401470e-01 3.363738e-10 0.000000e+00 -1.836307e-10 
1.401573e-01 3.334982e-10 0.000000e+00 -1.838209e-10 
1.401675e-01 3.305857e-10 0.000000e+00 -1.839885e-10 
1.401776e-01 3.276371e-10 0.000000e+00 -1.841332e-10 
1.401876e-01 3.246528e-10 0.000000e+00 -1.842547e-10 
1.401975e-01 3.216334e-10 0.000000e+00 -1.843525e-10 
1.402074e-01 3.185797e-10 0.000000e+00 -1.844265e-10 
1.402171e-01 3.154923e-10 0.000000e+00 -1.844762e-10 
1.402268e-01 3.123717e-10 0.000000e+00 -1.845014e-10 
1.402364e-01 3.092188e-10 0.000000e+00 -1.845018e-10 
1.402459e-01 3.060341e-10 0.000000e+00 -1.844771e-10 
1.402553e-01 3.028185e-10 0.000000e+00 -1.844270e-10 
1.402646e-01 2.995725e-10 0.000000e+00 -1.843511e-10 
1.402738e-01 2.962970e-10 0.000000e+00 -1.842493e-10 
1.402829e-01 2.929928e-10 0.000000e+00 -1.841212e-10 
1.402919e-01 2.896605e-10 0.000000e+00 -1.839667e-10 
1.403008e-01 2.863010e-10 0.000000e+00 -1.837853e-10 
1.403096e-01 2.829151e-10 0.000000e+00 -1.835769e-10 
1.403183e-01 2.795035e-10 0.000000e+00 -1.833412e-10 
1.403269e-01 2.760672e-10 0.000000e+00 -1.830780e-10 
1.403354e-01 2.726069e-10 0.000000e+00 -1.827870e-10 
1.403438e-01 2.691235e-10 0.000000e+00 -1.824681e-10 
1.403521e-01 2.656179e-10 0.000000e+00 -1.821210e-10 
1.403602e-01 2.620910e-10 0.000000e+00 -1.817455e-10 
1.403683e-01 2.585436e-10 0.000000e+00 -1.813415e-10 
1.403762e-01 2.549767e-10 0.000000e+00 -1.809086e-10 
1.403841e-01 2.513912e-10 0.000000e+00 -1.804469e-10 
1.403918e-01 2.477881e-10 0.000000e+00 -1.799560e-10 
1.403993e-01 2.441682e-10 0.000000e+00 -1.794359e-10 
1.404068e-01 2.405325e-10 0.000000e+00 -1.788864e-10 
1.404141e-01 2.368821e-10 0.000000e+00 -1.783074e-10 
1.404214e-01 2.332178e-10 0.000000e+00 -1.776987e-10 
1.404285e-01 2.295408e-10 0.000000e+00 -1.770603e-10 
1.404354e-01 2.258520e-10 0.000000e+00 -1.763920e-10 
1.404423e-01 2.221524e-10 0.000000e+00 -1.756938e-10 
1.404490e-01 2.184430e-10 0.000000e+00 -1.749656e-10 
1.404555e-01 2.147249e-10 0.000000e+00 -1.742074e-10 
1.404620e-01 2.109992e-10 0.000000e+00 -1.734190e-10 
1.404683e-01 2.072668e-10 0.000000e+00 -1.726005e-10 
1.404744e-01 2.035289e-10 0.000000e+00 -1.717519e-10 
1.404804e-01 1.997866e-10 0.000000e+00 -1.708732e-10 
1.404863e-01 1.960408e-10 0.000000e+00 -1.699643e-10 
1.404921e-01 1.922928e-10 0.000000e+00 -1.690253e-10 
1.404977e-01 1.885436e-10 0.000000e+00 -1.680562e-10 
1.405031e-01 1.847942e-10 0.000000e+00 -1.670572e-10 
1.405084e-01 1.810459e-10 0.000000e+00 -1.660282e-10 
1.405136e-01 1.772997e-10 0.000000e+00 -1.649694e-10 
1.405186e-01 1.735567e-10 0.000000e+00 -1.638808e-10 
1.405234e-01 1.698181e-10 0.000000e+00 -1.627626e-10 
1.405281e-01 1.660850e-10 0.000000e+00 -1.616149e-10 
1.405327e-01 1.623586e-10 0.000000e+00 -1.604379e-10 
1.405371e-01 1.586398e-10 0.000000e+00 -1.592318e-10 
1.405413e-01 1.549300e-10 0.000000e+00 -1.579966e-10 
1.405453e-01 1.512302e-10 0.000000e+00 -1.567327e-10 
1.405492e-01 1.475416e-10 0.000000e+00 -1.554402e-10 
1.405530e-01 1.438653e-10 0.000000e+00 -1.541194e-10 
1.405566e-01 1.402024e-10 0.000000e+00 -1.527706e-10 
1.405600e-01 1.365541e-10 0.000000e+00 -1.513939e-10 
1.405632e-01 1.329216e-10 0.000000e+00 -1.499898e-10 
1.405663e-01 1.293058e-10 0.000000e+00 -1.485584e-10 
1.405692e-01 1.257081e-10 0.000000e+00 -1.471002e-10 
1.405719e-01 1.221295e-10 0.000000e+00 -1.456155e-10 
1.405744e-01 1.185711e-10 0.000000e+00 -1.441045e-10 
1.405768e-01 1.150341e-10 0.000000e+00 -1.425678e-10 
1.405790e-01 1.115196e-10 0.000000e+00 -1.410057e-10 
1.405810e-01 1.080286e-10 0.000000e+00 -1.394185e-10 
1.405828e-01 1.045623e-10 0.000000e+00 -1.378069e-10 
1.405844e-01 1.011218e-10 0.000000e+00 -1.361711e-10 
1.405859e-01 9.770818e-11 0.000000e+00 -1.345116e-10 
1.405871e-01 9.432248e-11 0.000000e+00 -1.328290e-10 
1.405882e-01 9.096578e-11 0.000000e+00 -1.311237e-10 
1.405891e-01 8.763915e-11 0.000000e+00 -1.293963e-10 
1.405898e-01 8.434362e-11 0.000000e+00 -1.276472e-10 
1.405903e-01 8.108024e-11 0.000000e+00 -1.258771e-10 
1.405906e-01 7.785002e-11 0.000000e+00 -1.240865e-10 
1.405907e-01 7.465398e-11 0.000000e+00 -1.222760e-10 
1.405906e-01 7.149311e-11 0.000000e+00 -1.204462e-10 
1.405903e-01 6.836839e-11 0.000000e+00 -1.185977e-10 
1.405898e-01 6.528078e-11 0.000000e+00 -1.167311e-10 
1.405891e-01 6.223124e-11 0.000000e+00 -1.148471e-10 
1.405882e-01 5.922069e-11 0.000000e+00 -1.129464e-10 
1.405870e-01 5.625006e-11 0.000000e+00 -1.110297e-10 
1.405857e-01 5.332024e-11 0.000000e+00 -1.090976e-10 
1.405841e-01 5.043211e-11 0.000000e+00 -1.071509e-10 
1.405824e-01 4.758652e-11 0.000000e+00 -1.051902e-10 
1.405804e-01 4.478432e-11 0.000000e+00 -1.032164e-10 
1.405782e-01 4.202633e-11 0.000000e+00 -1.012301e-10 
1.405758e-01 3.931334e-11 0.000000e+00 -9.923225e-11 
1.405732e-01 3.664612e-11 0.000000e+00 -9.722350e-11 
1.405703e-01 3.402544e-11 0.000000e+00 -9.520468e-11 
1.405672e-01 3.145200e-11 0.000000e+00 -9.317660e-11 
1.405639e-01 2.892653e-11 0.000000e+00 -9.114007e-11 
1.405604e-01 2.644970e-11 0.000000e+00 -8.909594e-11 
1.405566e-01 2.402216e-11 0.000000e+00 -8.704503e-11 
1.405526e-01 2.164455e-11 0.000000e+00 -8.498821e-11 
1.405484e-01 1.931746e-11 0.000000e+00 -8.292633e-11 
1.405439e-01 1.704147e-11 0.000000e+00 -8.086027e-11 
1.405392e-01 1.481713e-11 0.000000e+00 -7.879091e-11 
1.405343e-01 1.264495e-11 0.000000e+00 -7.671914e-11 
1.405291e-01 1.052543e-11 0.000000e+00 -7.464586e-11 
1.405236e-01 8.459036e-12 0.000000e+00 -7.257196e-11 
1.405180e-01 6.446190e-12 0.000000e+00 -7.049836e-11 
1.405121e-01 4.487297e-12 0.000000e+00 -6.842598e-11 
1.405059e-01 2.582729e-12 0.000000e+00 -6.635575e-11 
1.404995e-01 7.328270e-13 0.000000e+00 -6.428858e-11 
1.404928e-01 -1.062100e-12 0.000000e+00 -6.222541e-11 
1.404859e-01 -2.801773e-12 0.000000e+00 -6.016717e-11 
1.404787e-01 -4.485948e-12 0.000000e+00 -5.811481e-11 
1.404713e-01 -6.114411e-12 0.000000e+00 -5.606926e-11 
1.404636e-01 -7.686981e-12 0.000000e+00 -5.403147e-11 
1.404557e-01 -9.203510e-12 0.000000e+00 -5.200237e-11 
1.404475e-01 -1.066389e-11 0.000000e+00 -4.998291e-11 
1.404390e-01 -1.206803e-11 0.000000e+00 -4.797403e-11 
1.404303e-01 -1.341588e-11 0.000000e+00 -4.597667e-11 
1.404213e-01 -1.470744e-11 0.000000e+00 -4.399177e-11 
1.404120e-01 -1.594273e-11 0.000000e+00 -4.202026e-11 
1.404025e-01 -1.712179e-11 0.000000e+00 -4.006308e-11 
1.403927e-01 -1.824473e-11 0.000000e+00 -3.812115e-11 
1.403826e-01 -1.931165e-11 0.000000e+00 -3.619539e-11 
1.403722e-01 -2.032273e-11 0.000000e+00 -3.428672e-11 
1.403616e-01 -2.127815e-11 0.000000e+00 -3.239605e-11 
1.403507e-01 -2.217814e-11 0.000000e+00 -3.052428e-11 
1.403395e-01 -2.302295e-11 0.000000e+00 -2.867230e-11 
1.403280e-01 -2.381290e-11 0.000000e+00 -2.684099e-11 
1.403162e-01 -2.454830e-11 0.000000e+00 -2.503124e-11 
1.403042e-01 -2.522952e-11 0.000000e+00 -2.324391e-11 
1.402918e-01 -2.585695e-11 0.000000e+00 -2.147984e-11 
1.402792e-01 -2.643104e-11 0.000000e+00 -1.973987e-11 
1.402663e-01 -2.695224e-11 0.000000e+00 -1.802484e-11 
1.402530e-01 -2.742105e-11 0.000000e+00 -1.633556e-11 
1.402395e-01 -2.783800e-11 0.000000e+00 -1.467283e-11 
1.402257e-01 -2.820366e-11 0.000000e+00 -1.303742e-11 
1.402116e-01 -2.851862e-11 0.000000e+00 -1.143011e-11 
1.401972e-01 -2.878351e-11 0.000000e+00 -9.851655e-12 
1.401825e-01 -2.899900e-11 0.000000e+00 -8.302778e-12 
1.401675e-01 -2.916576e-11 0.000000e+00 -6.784198e-12 
1.401521e-01 -2.928453e-11 0.000000e+00 -5.296611e-12 
1.401365e-01 -2.935606e-11 0.000000e+00 -3.840695e-12 
1.401206e-01 -2.938112e-11 0.000000e+00 -2.417106e-12 
1.401043e-01 -2.936053e-11 0.000000e+00 -1.026479e-12 
1.400877e-01 -2.929512e-11 0.000000e+00 3.305722e-13 
1.400708e-01 -2.918576e-11 0.000000e+00 1.653456e-12 
1.400536e-01 -2.903335e-11 0.000000e+00 2.941605e-12 
1.400361e-01 -2.883881e-11 0.000000e+00 4.194473e-12 
1.400183e-01 -2.860308e-11 0.000000e+00 5.411540e-12 
1.400001e-01 -2.832713e-11 0.000000e+00 6.592310e-12 
1.399816e-01 -2.801196e-11 0.000000e+00 7.736313e-12 
1.399628e-01 -2.765859e-11 0.000000e+00 8.843104e-12 
1.399437e-01 -2.726806e-11 0.000000e+00 9.912265e-12 
1.399242e-01 -2.684144e-11 0.000000e+00 1.094341e-11 
1.399044e-01 -2.637980e-11 0.000000e+00 1.193616e-11 
1.398843e-01 -2.588426e-11 0.000000e+00 1.289020e-11 
1.398638e-01 -2.535594e-11 0.000000e+00 1.380520e-11 
1.398430e-01 -2.479599e-11 0.000000e+00 1.468090e-11 
1.398218e-01 -2.420555e-11 0.000000e+00 1.551705e-11 
1.398003e-01 -2.358581e-11 0.000000e+00 1.631342e-11 
1.397785e-01 -2.293796e-11 0.000000e+00 1.706982e-11 
1.397563e-01 -2.226321e-11 0.000000e+00 1.778610e-11 
1.397338e-01 -2.156278e-11 0.000000e+00 1.846213e-11 
1.397109e-01 -2.083789e-11 0.000000e+00 1.909780e-11 
1.396877e-01 -2.008980e-11 0.000000e+00 1.969305e-11 
1.396642e-01 -1.931974e-11 0.000000e+00 2.024784e-11 
1.396402e-01 -1.852900e-11 0.000000e+00 2.076217e-11 
1.396159e-01 -1.771883e-11 0.000000e+00 2.123606e-11 
1.395913e-01 -1.689052e-11 0.000000e+00 2.166958e-11 
1.395663e-01 -1.604534e-11 0.000000e+00 2.206281e-11 
1.395410e-01 -1.518459e-11 0.000000e+00 2.241588e-11 
1.395153e-01 -1.430955e-11 0.000000e+00 2.272893e-11 
1.394892e-01 -1.342152e-11 0.000000e+00 2.300216e-11 
1.394627e-01 -1.252179e-11 0.000000e+00 2.323577e-11 
1.394359e-01 -1.161165e-11 0.000000e+00 2.343003e-11 
1.394087e-01 -1.069241e-11 0.000000e+00 2.358521e-11 
1.393812e-01 -9.765333e-12 0.000000e+00 2.370161e-11 
1.393533e-01 -8.831724e-12 0.000000e+00 2.377960e-11 
1.393250e-01 -7.892859e-12 0.000000e+00 2.381953e-11 
1.392963e-01 -6.950013e-12 0.000000e+00 2.382181e-11 
1.392672e-01 -6.004454e-12 0.000000e+00 2.378688e-11 
1.392378e-01 -5.057441e-12 0.000000e+00 2.371521e-11 
1.392080e-01 -4.110225e-12 0.000000e+00 2.360728e-11 
1.391778e-01 -3.164045e-12 0.000000e+00 2.346363e-11 
1.391472e-01 -2.220127e-12 0.000000e+00 2.328481e-11 
1.391162e-01 -1.279687e-12 0.000000e+00 2.307141e-11 
1.390848e-01 -3.439224e-13 0.000000e+00 2.282402e-11 
1.390531e-01 5.859805e-13 0.000000e+00 2.254330e-11 
1.390209e-01 1.508854e-12 0.000000e+00 2.222991e-11 
1.389884e-01 2.423548e-12 0.000000e+00 2.188453e-11 
1.389555e-01 3.328931e-12 0.000000e+00 2.150790e-11 
1.389221e-01 4.223890e-12 0.000000e+00 2.110075e-11 
1.388884e-01 5.107335e-12 0.000000e+00 2.066386e-11 
1.388543e-01 5.978195e-12 0.000000e+00 2.019801e-11 
1.388197e-01 6.835425e-12 0.000000e+00 1.970402e-11 
1.387848e-01 7.678002e-12 0.000000e+00 1.918274e-11 
1.387494e-01 8.504928e-12 0.000000e+00 1.863502e-11 
1.387137e-01 9.315231e-12 0.000000e+00 1.806174e-11 
1.386775e-01 1.010796e-11 0.000000e+00 1.746381e-11 
1.386409e-01 1.088221e-11 0.000000e+00 1.684215e-11 
1.386039e-01 1.163708e-11 0.000000e+00 1.619770e-11 
1.385665e-01 1.237172e-11 0.000000e+00 1.553142e-11 
1.385287e-01 1.308529e-11 0.000000e+00 1.484428e-11 
1.384904e-01 1.377700e-11 0.000000e+00 1.413727e-11 
1.384518e-01 1.444607e-11 0.000000e+00 1.341141e-11 
1.384127e-01 1.509178e-11 0.000000e+00 1.266769e-11 
1.383732e-01 1.571341e-11 0.000000e+00 1.190717e-11 
1.383332e-01 1.631031e-11 0.000000e+00 1.113088e-11 
1.382928e-01 1.688184e-11 0.000000e+00 1.033988e-11 
1.382520e-01 1.742740e-11 0.000000e+00 9.535231e-12 
1.382108e-01 1.794642e-11 0.000000e+00 8.718008e-12 
1.381691e-01 1.843838e-11 0.000000e+00 7.889292e-12 
1.381270e-01 1.890278e-11 0.000000e+00 7.050169e-12 
1.380845e-01 1.933918e-11 0.000000e+00 6.201733e-12 
1.380415e-01 1.974714e-11 0.000000e+00 5.345081e-12 
1.379981e-01 2.012631e-11 0.000000e+00 4.481312e-12 
1.379543e-01 2.047632e-11 0.000000e+00 3.611530e-12 
1.379100e-01 2.079688e-11 0.000000e+00 2.736838e-12 
1.378652e-01 2.108772e-11 0.000000e+00 1.858338e-12 
1.378200e-01 2.134862e-11 0.000000e+00 9.771322e-13 
1.377744e-01 2.157937e-11 0.000000e+00 9.431999e-14 
1.377283e-01 2.177985e-11 0.000000e+00 -7.890032e-13 
1.376817e-01 2.194993e-11 0.000000e+00 -1.671747e-12 
1.376347e-01 2.208953e-11 0.000000e+00 -2.552826e-12 
1.375873e-01 2.219864e-11 0.000000e+00 -3.431163e-12 
1.375393e-01 2.227724e-11 0.000000e+00 -4.305688e-12 
1.374910e-01 2.232539e-11 0.000000e+00 -5.175341e-12 
1.374421e-01 2.234317e-11 0.000000e+00 -6.039072e-12 
1.373928e-01 2.233068e-11 0.000000e+00 -6.895844e-12 
1.373431e-01 2.228811e-11 0.000000e+00 -7.744631e-12 
1.372928e-01 2.221562e-11 0.000000e+00 -8.584422e-12 
1.372421e-01 2.211347e-11 0.000000e+00 -9.414219e-12 
1.371909e-01 2.198192e-11 0.000000e+00 -1.023304e-11 
1.371393e-01 2.182127e-11 0.000000e+00 -1.103993e-11 
1.370872e-01 2.163186e-11 0.000000e+00 -1.183393e-11 
1.370346e-01 2.141407e-11 0.000000e+00 -1.261412e-11 
1.369815e-01 2.116832e-11 0.000000e+00 -1.337959e-11 
1.369280e-01 2.089504e-11 0.000000e+00 -1.412946e-11 
1.368739e-01 2.059471e-11 0.000000e+00 -1.486287e-11 
1.368194e-01 2.026786e-11 0.000000e+00 -1.557897e-11 
1.367644e-01 1.991502e-11 0.000000e+00 -1.627694e-11 
1.367090e-01 1.953676e-11 0.000000e+00 -1.695600e-11 
1.366530e-01 1.913370e-11 0.000000e+00 -1.761537e-11 
1.365965e-01 1.870647e-11 0.000000e+00 -1.825432e-11 
1.365396e-01 1.825573e-11 0.000000e+00 -1.887214e-11 
1.364821e-01 1.778218e-11 0.000000e+00 -1.946813e-11 
1.364242e-01 1.728654e-11 0.000000e+00 -2.004165e-11 
1.363658e-01 1.676955e-11 0.000000e+00 -2.059206e-11 
1.363068e-01 1.623199e-11 0.000000e+00 -2.111877e-11 
1.362474e-01 1.567465e-11 0.000000e+00 -2.162121e-11 
1.361875e-01 1.509835e-11 0.000000e+00 -2.209885e-11 
1.361271e-01 1.450393e-11 0.000000e+00 -2.255119e-11 
1.360661e-01 1.389225e-11 0.000000e+00 -2.297775e-11 
1.360047e-01 1.326420e-11 0.000000e+00 -2.337809e-11 
1.359427e-01 1.262068e-11 0.000000e+00 -2.375182e-11 
1.358803e-01 1.196260e-11 0.000000e+00 -2.409856e-11 
1.358173e-01 1.129089e-11 0.000000e+00 -2.441798e-11 
1.357538e-01 1.060652e-11 0.000000e+00 -2.470977e-11 
1.356898e-01 9.910430e-12 0.000000e+00 -2.497367e-11 
1.356253e-01 9.203610e-12 0.000000e+00 -2.520945e-11 
1.355602e-01 8.487044e-12 0.000000e+00 -2.541690e-11 
1.354947e-01 7.761730e-12 0.000000e+00 -2.559588e-11 
1.354286e-01 7.028673e-12 0.000000e+00 -2.574625e-11 
1.353620e-01 6.288888e-12 0.000000e+00 -2.586793e-11 
1.352949e-01 5.543395e-12 0.000000e+00 -2.596086e-11 
1.352272e-01 4.793218e-12 0.000000e+00 -2.602502e-11 
1.351591e-01 4.039387e-12 0.000000e+00 -2.606044e-11 
1.350904e-01 3.282933e-12 0.000000e+00 -2.606716e-11 
1.350211e-01 2.524887e-12 0.000000e+00 -2.604527e-11 
1.349513e-01 1.766282e-12 0.000000e+00 -2.599491e-11 
1.348810e-01 1.008148e-12 0.000000e+00 -2.591623e-11 
1.348102e-01 2.515110e-13 0.000000e+00 -2.580942e-11 
1.347388e-01 -5.026047e-13 0.000000e+00 -2.567472e-11 
1.346669e-01 -1.253182e-12 0.000000e+00 -2.551239e-11 
1.345944e-01 -1.999210e-12 0.000000e+00 -2.532272e-11 
1.345214e-01 -2.739687e-12 0.000000e+00 -2.510605e-11 
1.344479e-01 -3.473619e-12 0.000000e+00 -2.486275e-11 
1.343738e-01 -4.200024e-12 0.000000e+00 -2.459321e-11 
1.342991e-01 -4.917932e-12 0.000000e+00 -2.429786e-11 
1.342239e-01 -5.626383e-12 0.000000e+00 -2.397715e-11 
1.341482e-01 -6.324436e-12 0.000000e+00 -2.363160e-11 
1.340719e-01 -7.011163e-12 0.000000e+00 -2.326170e-11 
1.339950e-01 -7.685652e-12 0.000000e+00 -2.286803e-11 
1.339176e-01 -8.347010e-12 0.000000e+00 -2.245115e-11 
1.338396e-01 -8.994364e-12 0.000000e+00 -2.201168e-11 
1.337611e-01 -9.626857e-12 0.000000e+00 -2.155025e-11 
1.336820e-01 -1.024366e-11 0.000000e+00 -2.106753e-11 
1.336024e-01 -1.084395e-11 0.000000e+00 -2.056420e-11 
1.335221e-01 -1.142696e-11 0.000000e+00 -2.004098e-11 
1.334414e-01 -1.199191e-11 0.000000e+00 -1.949860e-11 
1.333600e-01 -1.253806e-11 0.000000e+00 -1.893782e-11 
1.332781e-01 -1.306471e-11 0.000000e+00 -1.835942e-11 
1.331956e-01 -1.357116e-11 0.000000e+00 -1.776422e-11 
1.331125e-01 -1.405676e-11 0.000000e+00 -1.715302e-11 
1.330289e-01 -1.452088e-11 0.000000e+00 -1.652667e-11 
1.329447e-01 -1.496292e-11 0.000000e+00 -1.588603e-11 
1.328599e-01 -1.538230e-11 0.000000e+00 -1.523198e-11 
1.327745e-01 -1.577850e-11 0.000000e+00 -1.456540e-11 
1.326886e-01 -1.615099e-11 0.000000e+00 -1.388720e-11 
1.326020e-01 -1.649930e-11 0.000000e+00 -1.319830e-11 
1.325149e-01 -1.682300e-11 0.000000e+00 -1.249964e-11 
1.324272e-01 -1.712166e-11 0.000000e+00 -1.179214e-11 
1.323389e-01 -1.739492e-11 0.000000e+00 -1.107677e-11 
1.322500e-01 -1.764242e-11 0.000000e+00 -1.035448e-11 
1.321606e-01 -1.786386e-11 0.000000e+00 -9.626247e-12 
1.320705e-01 -1.805896e-11 0.000000e+00 -8.893034e-12 
1.319798e-01 -1.822750e-11 0.000000e+00 -8.155824e-12 
1.318886e-01 -1.836925e-11 0.000000e+00 -7.415598e-12 
1.317967e-01 -1.848406e-11 0.000000e+00 -6.673340e-12 
1.317043e-01 -1.857179e-11 0.000000e+00 -5.930035e-12 
1.316112e-01 -1.863235e-11 0.000000e+00 -5.186667e-12 
1.315176e-01 -1.866566e-11 0.000000e+00 -4.444220e-12 
1.314233e-01 -1.867172e-11 0.000000e+00 -3.703676e-12 
1.313285e-01 -1.865053e-11 0.000000e+00 -2.966011e-12 
1.312330e-01 -1.860214e-11 0.000000e+00 -2.232196e-12 
1.311370e-01 -1.852662e-11 0.000000e+00 -1.503198e-12 
1.310403e-01 -1.842410e-11 0.000000e+00 -7.799749e-13 
1.309430e-01 -1.829473e-11 0.000000e+00 -6.347520e-14 
1.308451e-01 -1.813870e-11 0.000000e+00 6.453614e-13 
1.307466e-01 -1.795624e-11 0.000000e+00 1.345607e-12 
1.306474e-01 -1.774759e-11 0.000000e+00 2.036345e-12 
1.305477e-01 -1.751306e-11 0.000000e+00 2.716673e-12 
1.304473e-01 -1.725296e-11 0.000000e+00 3.385704e-12 
1.303463e-01 -1.696765e-11 0.000000e+00 4.042566e-12 
1.302447e-01 -1.665754e-11 0.000000e+00 4.686401e-12 
1.301425e-01 -1.632303e-11 0.000000e+00 5.316374e-12 
1.300396e-01 -1.596459e-11 0.000000e+00 5.931665e-12 
1.299362e-01 -1.558270e-11 0.000000e+00 6.531475e-12 
1.298320e-01 -1.517787e-11 0.000000e+00 7.115026e-12 
1.297273e-01 -1.475066e-11 0.000000e+00 7.681562e-12 
1.296219e-01 -1.430163e-11 0.000000e+00 8.230350e-12 
1.295159e-01 -1.383139e-11 0.000000e+00 8.760678e-12 
1.294093e-01 -1.334056e-11 0.000000e+00 9.271863e-12 
1.293020e-01 -1.282981e-11 0.000000e+00 9.763245e-12 
1.291941e-01 -1.229980e-11 0.000000e+00 1.023419e-11 
1.290856e-01 -1.175125e-11 0.000000e+00 1.068409e-11 
1.289764e-01 -1.118489e-11 0.000000e+00 1.111236e-11 
1.288665e-01 -1.060146e-11 0.000000e+00 1.151847e-11 
1.287561e-01 -1.000174e-11 0.000000e+00 1.190187e-11 
1.286449e-01 -9.386522e-12 0.000000e+00 1.226209e-11 
1.285332e-01 -8.756614e-12 0.000000e+00 1.259866e-11 
1.284208e-01 -8.112849e-12 0.000000e+00 1.291116e-11 
1.283077e-01 -7.456074e-12 0.000000e+00 1.319917e-11 
1.281940e-01 -6.787153e-12 0.000000e+00 1.346233e-11 
1.280796e-01 -6.106963e-12 0.000000e+00 1.370031e-11 
1.279646e-01 -5.416398e-12 0.000000e+00 1.391281e-11 
1.278489e-01 -4.716361e-12 0.000000e+00 1.409955e-11 
1.277326e-01 -4.007769e-12 0.000000e+00 1.426030e-11 
1.276156e-01 -3.291547e-12 0.000000e+00 1.439485e-11 
1.274980e-01 -2.568631e-12 0.000000e+00 1.450304e-11 
1.273797e-01 -1.839964e-12 0.000000e+00 1.458473e-11 
1.272607e-01 -1.106494e-12 0.000000e+00 1.463982e-11 
1.271410e-01 -3.691753e-13 0.000000e+00 1.466824e-11 
1.270207e-01 3.710330e-13 0.000000e+00 1.466996e-11 
1.268998e-01 1.113170e-12 0.000000e+00 1.464497e-11 
1.267781e-01 1.856274e-12 0.000000e+00 1.459332e-11 
1.266558e-01 2.599382e-12 0.000000e+00 1.451507e-11 
1.265329e-01 3.341533e-12 0.000000e+00 1.441033e-11 
1.264092e-01 4.081766e-12 0.000000e+00 1.427923e-11 
1.262849e-01 4.819128e-12 0.000000e+00 1.412194e-11 
1.261599e-01 5.552666e-12 0.000000e+00 1.393866e-11 
1.260342e-01 6.281435e-12 0.000000e+00 1.372963e-11 
1.259079e-01 7.004499e-12 0.000000e+00 1.349513e-11 
1.257808e-01 7.720928e-12 0.000000e+00 1.323544e-11 
1.256531e-01 8.429801e-12 0.000000e+00 1.295091e-11 
1.255247e-01 9.130211e-12 0.000000e+00 1.264189e-11 
1.253956e-01 9.821260e-12 0.000000e+00 1.230878e-11 
1.252659e-01 1.050206e-11 0.000000e+00 1.195200e-11 
1.251354e-01 1.117176e-11 0.000000e+00 1.157202e-11 
1.250042e-01 1.182948e-11 0.000000e+00 1.116930e-11 
1.248724e-01 1.247439e-11 0.000000e+00 1.074437e-11 
1.247399e-01 1.310568e-11 0.000000e+00 1.029776e-11 
1.246067e-01 1.372254e-11 0.000000e+00 9.830038e-12 
1.244728e-01 1.432419e-11 0.000000e+00 9.341796e-12 
1.243381e-01 1.490987e-11 0.000000e+00 8.833652e-12 
1.242028e-01 1.547883e-11 0.000000e+00 8.306247e-12 
1.240668e-01 1.603036e-11 0.000000e+00 7.760248e-12 
1.239301e-01 1.656376e-11 0.000000e+00 7.196342e-12 
1.237927e-01 1.707836e-11 0.000000e+00 6.615240e-12 
1.236546e-01 1.757352e-11 0.000000e+00 6.017673e-12 
1.235158e-01 1.804861e-11 0.000000e+00 5.404393e-12 
1.233763e-01 1.850304e-11 0.000000e+00 4.776169e-12 
1.232360e-01 1.893625e-11 0.000000e+00 4.133791e-12 
1.230951e-01 1.934769e-11 0.000000e+00 3.478063e-12 
1.229535e-01 1.973685e-11 0.000000e+00 2.809806e-12 
1.228111e-01 2.010326e-11 0.000000e+00 2.129858e-12 
1.226680e-01 2.044646e-11 0.000000e+00 1.439067e-12 
1.225243e-01 2.076602e-11 0.000000e+00 7.382957e-13 
1.223798e-01 2.106156e-11 0.000000e+00 2.841905e-14 
1.222346e-01 2.133272e-11 0.000000e+00 -6.896787e-13 
1.220886e-01 2.157917e-11 0.000000e+00 -1.415104e-12 
1.219420e-01 2.180061e-11 0.000000e+00 -2.146953e-12 
1.217946e-01 2.199678e-11 0.000000e+00 -2.884319e-12 
1.216465e-01 2.216744e-11 0.000000e+00 -3.626286e-12 
1.214977e-01 2.231240e-11 0.000000e+00 -4.371933e-12 
1.213481e-01 2.243148e-11 0.000000e+00 -5.120339e-12 
1.211979e-01 2.252456e-11 0.000000e+00 -5.870576e-12 
1.210469e-01 2.259154e-11 0.000000e+00 -6.621719e-12 
1.208952e-01 2.263234e-11 0.000000e+00 -7.372839e-12 
1.207427e-01 2.264694e-11 0.000000e+00 -8.123012e-12 
1.205895e-01 2.263533e-11 0.000000e+00 -8.871313e-12 
1.204356e-01 2.259754e-11 0.000000e+00 -9.616823e-12 
1.202809e-01 2.253365e-11 0.000000e+00 -1.035863e-11 
1.201256e-01 2.244374e-11 0.000000e+00 -1.109581e-11 
1.199694e-01 2.232795e-11 0.000000e+00 -1.182748e-11 
1.198126e-01 2.218645e-11 0.000000e+00 -1.255273e-11 
1.196550e-01 2.201942e-11 0.000000e+00 -1.327068e-11 
1.194966e-01 2.182710e-11 0.000000e+00 -1.398045e-11 
1.193375e-01 2.160974e-11 0.000000e+00 -1.468118e-11 
1.191777e-01 2.136763e-11 0.000000e+00 -1.537201e-11 
1.190171e-01 2.110110e-11 0.000000e+00 -1.605211e-11 
1.188558e-01 2.081050e-11 0.000000e+00 -1.672065e-11 
1.186937e-01 2.049620e-11 0.000000e+00 -1.737683e-11 
1.185309e-01 2.015861e-11 0.000000e+00 -1.801984e-11 
1.183674e-01 1.979818e-11 0.000000e+00 -1.864891e-11 
1.182030e-01 1.941537e-11 0.000000e+00 -1.926329e-11 
1.180380e-01 1.901067e-11 0.000000e+00 -1.986223e-11 
1.178722e-01 1.858460e-11 0.000000e+00 -2.044503e-11 
1.177056e-01 1.813771e-11 0.000000e+00 -2.101097e-11 
1.175382e-01 1.767057e-11 0.000000e+00 -2.155938e-11 
1.173701e-01 1.718378e-11 0.000000e+00 -2.208961e-11 
1.172013e-01 1.667795e-11 0.000000e+00 -2.260103e-11 
1.170317e-01 1.615373e-11 0.000000e+00 -2.309303e-11 
1.168613e-01 1.561178e-11 0.000000e+00 -2.356503e-11 
1.166902e-01 1.505278e-11 0.000000e+00 -2.401647e-11 
1.165183e-01 1.447744e-11 0.000000e+00 -2.444682e-11 
1.163456e-01 1.388649e-11 0.000000e+00 -2.485558e-11 
1.161722e-01 1.328066e-11 0.000000e+00 -2.524226e-11 
1.159980e-01 1.266072e-11 0.000000e+00 -2.560642e-11 
1.158230e-01 1.202744e-11 0.000000e+00 -2.594764e-11 
1.156473e-01 1.138162e-11 0.000000e+00 -2.626552e-11 
1.154707e-01 1.072405e-11 0.000000e+00 -2.655970e-11 
1.152935e-01 1.005556e-11 0.000000e+00 -2.682984e-11 
1.151154e-01 9.376977e-12 0.000000e+00 -2.707564e-11 
1.149366e-01 8.689146e-12 0.000000e+00 -2.729681e-11 
1.147570e-01 7.992918e-12 0.000000e+00 -2.749313e-11 
1.145766e-01 7.289152e-12 0.000000e+00 -2.766436e-11 
1.143954e-01 6.578720e-12 0.000000e+00 -2.781033e-11 
1.142135e-01 5.862495e-12 0.000000e+00 -2.793089e-11 
1.140307e-01 5.141359e-12 0.000000e+00 -2.802590e-11 
1.138472e-01 4.416200e-12 0.000000e+00 -2.809529e-11 
1.136629e-01 3.687905e-12 0.000000e+00 -2.813898e-11 
1.134778e-01 2.957366e-12 0.000000e+00 -2.815694e-11 
1.132920e-01 2.225478e-12 0.000000e+00 -2.814919e-11 
1.131053e-01 1.493132e-12 0.000000e+00 -2.811575e-11 
1.129179e-01 7.612220e-13 0.000000e+00 -2.805668e-11 
1.127296e-01 3.063761e-14 0.000000e+00 -2.797208e-11 
1.125406e-01 -6.977339e-13 0.000000e+00 -2.786207e-11 
1.123508e-01 -1.423009e-12 0.000000e+00 -2.772680e-11 
1.121602e-01 -2.144311e-12 0.000000e+00 -2.756646e-11 
1.119688e-01 -2.860768e-12 0.000000e+00 -2.738127e-11 
1.117766e-01 -3.571515e-12 0.000000e+00 -2.717145e-11 
1.115836e-01 -4.275697e-12 0.000000e+00 -2.693730e-11 
1.113898e-01 -4.972468e-12 0.000000e+00 -2.667910e-11 
1.111952e-01 -5.660991e-12 0.000000e+00 -2.639718e-11 
1.109998e-01 -6.340443e-12 0.000000e+00 -2.609191e-11 
1.108035e-01 -7.010010e-12 0.000000e+00 -2.576365e-11 
1.106065e-01 -7.668895e-12 0.000000e+00 -2.541283e-11 
1.104087e-01 -8.316313e-12 0.000000e+00 -2.503987e-11 
1.102101e-01 -8.951494e-12 0.000000e+00 -2.464523e-11 
1.100107e-01 -9.573684e-12 0.000000e+00 -2.422941e-11 
1.098105e-01 -1.018215e-11 0.000000e+00 -2.379291e-11 
1.096094e-01 -1.077617e-11 0.000000e+00 -2.333626e-11 
1.094076e-01 -1.135504e-11 0.000000e+00 -2.286002e-11 
1.092049e-01 -1.191809e-11 0.000000e+00 -2.236476e-11 
1.090014e-01 -1.246464e-11 0.000000e+00 -2.185109e-11 
1.087971e-01 -1.299408e-11 0.000000e+00 -2.131961e-11 
1.085920e-01 -1.350576e-11 0.000000e+00 -2.077098e-11 
1.083861e-01 -1.399911e-11 0.000000e+00 -2.020584e-11 
1.081794e-01 -1.447354e-11 0.000000e+00 -1.962488e-11 
1.079718e-01 -1.492850e-11 0.000000e+00 -1.902877e-11 
1.077635e-01 -1.536348e-11 0.000000e+00 -1.841824e-11 
1.075543e-01 -1.577796e-11 0.000000e+00 -1.779400e-11 
1.073443e-01 -1.617148e-11 0.000000e+00 -1.715680e-11 
1.071334e-01 -1.654357e-11 0.000000e+00 -1.650738e-11 
1.069218e-01 -1.689383e-11 0.000000e+00 -1.584651e-11 
1.067093e-01 -1.722184e-11 0.000000e+00 -1.517496e-11 
1.064960e-01 -1.752724e-11 0.000000e+00 -1.449352e-11 
1.062818e-01 -1.780968e-11 0.000000e+00 -1.380298e-11 
1.060668e-01 -1.806886e-11 0.000000e+00 -1.310416e-11 
1.058510e-01 -1.830447e-11 0.000000e+00 -1.239786e-11 
1.056344e-01 -1.851626e-11 0.000000e+00 -1.168489e-11 
1.054169e-01 -1.870400e-11 0.000000e+00 -1.096610e-11 
1.051987e-01 -1.886748e-11 0.000000e+00 -1.024230e-11 
1.049795e-01 -1.900652e-11 0.000000e+00 -9.514324e-12 
1.047596e-01 -1.912099e-11 0.000000e+00 -8.783016e-12 
1.045388e-01 -1.921076e-11 0.000000e+00 -8.049211e-12 
1.043171e-01 -1.927574e-11 0.000000e+00 -7.313748e-12 
1.040946e-01 -1.931588e-11 0.000000e+00 -6.577464e-12 
1.038713e-01 -1.933113e-11 0.000000e+00 -5.841197e-12 
1.036472e-01 -1.932151e-11 0.000000e+00 -5.105783e-12 
1.034222e-01 -1.928703e-11 0.000000e+00 -4.372054e-12 
1.031963e-01 -1.922774e-11 0.000000e+00 -3.640838e-12 
1.029697e-01 -1.914374e-11 0.000000e+00 -2.912958e-12 
1.027421e-01 -1.903513e-11 0.000000e+00 -2.189232e-12 
1.025137e-01 -1.890204e-11 0.000000e+00 -1.470470e-12 
1.022845e-01 -1.874465e-11 0.000000e+00 -7.574739e-13 
1.020545e-01 -1.856314e-11 0.000000e+00 -5.103871e-14 
1.018235e-01 -1.835774e-11 0.000000e+00 6.480514e-13 
1.015918e-01 -1.812870e-11 0.000000e+00 1.339023e-12 
1.013591e-01 -1.787627e-11 0.000000e+00 2.021112e-12 
1.011257e-01 -1.760077e-11 0.000000e+00 2.693569e-12 
1.008913e-01 -1.730252e-11 0.000000e+00 3.355655e-12 
1.006562e-01 -1.698186e-11 0.000000e+00 4.006648e-12 
1.004201e-01 -1.663916e-11 0.000000e+00 4.645837e-12 
1.001832e-01 -1.627483e-11 0.000000e+00 5.272528e-12 
9.994548e-02 -1.588928e-11 0.000000e+00 5.886043e-12 
9.970687e-02 -1.548295e-11 0.000000e+00 6.485721e-12 
9.946740e-02 -1.505631e-11 0.000000e+00 7.070917e-12 
9.922707e-02 -1.460984e-11 0.000000e+00 7.641005e-12 
9.898588e-02 -1.414405e-11 0.000000e+00 8.195378e-12 
9.874383e-02 -1.365946e-11 0.000000e+00 8.733449e-12 
9.850091e-02 -1.315662e-11 0.000000e+00 9.254648e-12 
9.825713e-02 -1.263610e-11 0.000000e+00 9.758428e-12 
9.801248e-02 -1.209847e-11 0.000000e+00 1.024426e-11 
9.776696e-02 -1.154433e-11 0.000000e+00 1.071165e-11 
9.752058e-02 -1.097430e-11 0.000000e+00 1.116010e-11 
9.727333e-02 -1.038902e-11 0.000000e+00 1.158915e-11 
9.702521e-02 -9.789112e-12 0.000000e+00 1.199838e-11 
9.677622e-02 -9.175254e-12 0.000000e+00 1.238735e-11 
9.652635e-02 -8.548114e-12 0.000000e+00 1.275569e-11 
9.627561e-02 -7.908377e-12 0.000000e+00 1.310303e-11 
9.602400e-02 -7.256740e-12 0.000000e+00 1.342901e-11 
9.577152e-02 -6.593910e-12 0.000000e+00 1.373333e-11 
9.551815e-02 -5.920605e-12 0.000000e+00 1.401569e-11 
9.526392e-02 -5.237550e-12 0.000000e+00 1.427583e-11 
9.500880e-02 -4.545480e-12 0.000000e+00 1.451349e-11 
9.475280e-02 -3.845136e-12 0.000000e+00 1.472847e-11 
9.449593e-02 -3.137266e-12 0.000000e+00 1.492056e-11 
9.423817e-02 -2.422624e-12 0.000000e+00 1.508961e-11 
9.397953e-02 -1.701966e-12 0.000000e+00 1.523547e-11 
9.372001e-02 -9.760549e-13 0.000000e+00 1.535803e-11 
9.345961e-02 -2.456546e-13 0.000000e+00 1.545719e-11 
9.319832e-02 4.884687e-13 0.000000e+00 1.553289e-11 
9.293615e-02 1.225548e-12 0.000000e+00 1.558509e-11 
9.267309e-02 1.964815e-12 0.000000e+00 1.561379e-11 
9.240914e-02 2.705504e-12 0.000000e+00 1.561899e-11 
9.214430e-02 3.446849e-12 0.000000e+00 1.560073e-11 
9.187857e-02 4.188087e-12 0.000000e+00 1.555907e-11 
9.161196e-02 4.928459e-12 0.000000e+00 1.549410e-11 
9.134445e-02 5.667209e-12 0.000000e+00 1.540593e-11 
9.107605e-02 6.403586e-12 0.000000e+00 1.529470e-11 
9.080675e-02 7.136846e-12 0.000000e+00 1.516057e-11 
9.053656e-02 7.866250e-12 0.000000e+00 1.500372e-11 
9.026548e-02 8.591066e-12 0.000000e+00 1.482436e-11 
8.999350e-02 9.310572e-12 0.000000e+00 1.462273e-11 
8.972063e-02 1.002405e-11 0.000000e+00 1.439907e-11 
8.944685e-02 1.073081e-11 0.000000e+00 1.415366e-11 
8.917218e-02 1.143013e-11 0.000000e+00 1.388680e-11 
8.889660e-02 1.212136e-11 0.000000e+00 1.359882e-11 
8.862013e-02 1.280380e-11 0.000000e+00 1.329004e-11 
8.834276e-02 1.347680e-11 0.000000e+00 1.296083e-11 
8.806448e-02 1.413973e-11 0.000000e+00 1.261158e-11 
8.778530e-02 1.479193e-11 0.000000e+00 1.224267e-11 
8.750521e-02 1.543280e-11 0.000000e+00 1.185454e-11 
8.722422e-02 1.606174e-11 0.000000e+00 1.144762e-11 
8.694232e-02 1.667815e-11 0.000000e+00 1.102236e-11 
8.665952e-02 1.728146e-11 0.000000e+00 1.057924e-11 
8.637581e-02 1.787112e-11 0.000000e+00 1.011874e-11 
8.609118e-02 1.844659e-11 0.000000e+00 9.641374e-12 
8.580565e-02 1.900735e-11 0.000000e+00 9.147658e-12 
8.551921e-02 1.955291e-11 0.000000e+00 8.638128e-12 
8.523186e-02 2.008276e-11 0.000000e+00 8.113332e-12 
8.494359e-02 2.059646e-11 0.000000e+00 7.573831e-12 
8.465441e-02 2.109355e-11 0.000000e+00 7.020201e-12 
8.436432e-02 2.157362e-11 0.000000e+00 6.453027e-12 
8.407331e-02 2.203624e-11 0.000000e+00 5.872907e-12 
8.378138e-02 2.248105e-11 0.000000e+00 5.280449e-12 
8.348854e-02 2.290767e-11 0.000000e+00 4.676269e-12 
8.319478e-02 2.331577e-11 0.000000e+00 4.060994e-12 
8.290011e-02 2.370501e-11 0.000000e+00 3.435259e-12 
8.260451e-02 2.407510e-11 0.000000e+00 2.799706e-12 
8.230799e-02 2.442576e-11 0.000000e+00 2.154983e-12 
8.201055e-02 2.475674e-11 0.000000e+00 1.501745e-12 
8.171219e-02 2.506778e-11 0.000000e+00 8.406519e-13 
8.141290e-02 2.535870e-11 0.000000e+00 1.723680e-13 
8.111270e-02 2.562928e-11 0.000000e+00 -5.024386e-13 
8.081156e-02 2.587937e-11 0.000000e+00 -1.183097e-12 
8.050950e-02 2.610881e-11 0.000000e+00 -1.868934e-12 
8.020652e-02 2.631748e-11 0.000000e+00 -2.559275e-12 
7.990261e-02 2.650527e-11 0.000000e+00 -3.253444e-12 
7.959777e-02 2.667212e-11 0.000000e+00 -3.950767e-12 
7.929200e-02 2.681795e-11 0.000000e+00 -4.650568e-12 
7.898530e-02 2.694273e-11 0.000000e+00 -5.352174e-12 
7.867767e-02 2.704645e-11 0.000000e+00 -6.054914e-12 
7.836911e-02 2.712912e-11 0.000000e+00 -6.758120e-12 
7.805962e-02 2.719076e-11 0.000000e+00 -7.461128e-12 
7.774919e-02 2.723142e-11 0.000000e+00 -8.163277e-12 
7.743783e-02 2.725118e-11 0.000000e+00 -8.863912e-12 
7.712554e-02 2.725012e-11 0.000000e+00 -9.562383e-12 
7.681231e-02 2.722836e-11 0.000000e+00 -1.025805e-11 
7.649814e-02 2.718604e-11 0.000000e+00 -1.095027e-11 
7.618303e-02 2.712330e-11 0.000000e+00 -1.163842e-11 
7.586699e-02 2.704032e-11 0.000000e+00 -1.232187e-11 
7.555001e-02 2.693730e-11 0.000000e+00 -1.300002e-11 
7.523209e-02 2.681444e-11 0.000000e+00 -1.367227e-11 
7.491323e-02 2.667198e-11 0.000000e+00 -1.433801e-11 
7.459343e-02 2.651016e-11 0.000000e+00 -1.499668e-11 
7.427268e-02 2.632926e-11 0.000000e+00 -1.564769e-11 
7.395100e-02 2.612955e-11 0.000000e+00 -1.629049e-11 
7.362837e-02 2.591135e-11 0.000000e+00 -1.692453e-11 
7.330479e-02 2.567496e-11 0.000000e+00 -1.754928e-11 
7.298027e-02 2.542072e-11 0.000000e+00 -1.816422e-11 
7.265481e-02 2.514899e-11 0.000000e+00 -1.876883e-11 
7.232839e-02 2.486012e-11 0.000000e+00 -1.936263e-11 
7.200103e-02 2.455450e-11 0.000000e+00 -1.994514e-11 
7.167272e-02 2.423253e-11 0.000000e+00 -2.051589e-11 
7.134346e-02 2.389460e-11 0.000000e+00 -2.107444e-11 
7.101326e-02 2.354115e-11 0.000000e+00 -2.162034e-11 
7.068210e-02 2.317260e-11 0.000000e+00 -2.215318e-11 
7.034999e-02 2.278940e-11 0.000000e+00 -2.267257e-11 
7.001692e-02 2.239200e-11 0.000000e+00 -2.317811e-11 
6.968291e-02 2.198088e-11 0.000000e+00 -2.366945e-11 
6.934794e-02 2.155652e-11 0.000000e+00 -2.414622e-11 
6.901201e-02 2.111938e-11 0.000000e+00 -2.460809e-11 
6.867514e-02 2.066999e-11 0.000000e+00 -2.505476e-11 
6.833730e-02 2.020883e-11 0.000000e+00 -2.548591e-11 
6.799851e-02 1.973642e-11 0.000000e+00 -2.590128e-11 
6.765876e-02 1.925328e-11 0.000000e+00 -2.630059e-11 
6.731805e-02 1.875993e-11 0.000000e+00 -2.668361e-11 
6.697638e-02 1.825691e-11 0.000000e+00 -2.705011e-11 
6.663376e-02 1.774475e-11 0.000000e+00 -2.739989e-11 
6.629017e-02 1.722400e-11 0.000000e+00 -2.773275e-11 
6.594562e-02 1.669519e-11 0.000000e+00 -2.804852e-11 
6.560011e-02 1.615888e-11 0.000000e+00 -2.834705e-11 
6.525363e-02 1.561562e-11 0.000000e+00 -2.862822e-11 
6.490620e-02 1.506596e-11 0.000000e+00 -2.889190e-11 
6.455779e-02 1.451045e-11 0.000000e+00 -2.913800e-11 
6.420843e-02 1.394965e-11 0.000000e+00 -2.936645e-11 
6.385809e-02 1.338412e-11 0.000000e+00 -2.957717e-11 
6.350680e-02 1.281441e-11 0.000000e+00 -2.977015e-11 
6.315453e-02 1.224107e-11 0.000000e+00 -2.994534e-11 
6.280130e-02 1.166466e-11 0.000000e+00 -3.010274e-11 
6.244709e-02 1.108572e-11 0.000000e+00 -3.024238e-11 
6.209192e-02 1.050481e-11 0.000000e+00 -3.036427e-11 
6.173578e-02 9.922473e-12 0.000000e+00 -3.046848e-11 
6.137867e-02 9.339242e-12 0.000000e+00 -3.055505e-11 
6.102058e-02 8.755654e-12 0.000000e+00 -3.062409e-11 
6.066152e-02 8.172242e-12 0.000000e+00 -3.067568e-11 
6.030149e-02 7.589530e-12 0.000000e+00 -3.070994e-11 
5.994049e-02 7.008037e-12 0.000000e+00 -3.072701e-11 
5.957851e-02 6.428276e-12 0.000000e+00 -3.072703e-11 
5.921556e-02 5.850751e-12 0.000000e+00 -3.071017e-11 
5.885163e-02 5.275961e-12 0.000000e+00 -3.067660e-11 
5.848673e-02 4.704394e-12 0.000000e+00 -3.062652e-11 
5.812085e-02 4.136533e-12 0.000000e+00 -3.056015e-11 
5.775399e-02 3.572848e-12 0.000000e+00 -3.047769e-11 
5.738615e-02 3.013803e-12 0.000000e+00 -3.037940e-11 
5.701733e-02 2.459850e-12 0.000000e+00 -3.026552e-11 
5.664753e-02 1.911432e-12 0.000000e+00 -3.013631e-11 
5.627676e-02 1.368980e-12 0.000000e+00 -2.999205e-11 
5.590500e-02 8.329152e-13 0.000000e+00 -2.983302e-11 
5.553226e-02 3.036466e-13 0.000000e+00 -2.965954e-11 
5.515853e-02 -2.184281e-13 0.000000e+00 -2.947190e-11 
5.478383e-02 -7.329234e-13 0.000000e+00 -2.927044e-11 
5.440814e-02 -1.239466e-12 0.000000e+00 -2.905548e-11 
5.403146e-02 -1.737696e-12 0.000000e+00 -2.882738e-11 
5.365380e-02 -2.227266e-12 0.000000e+00 -2.858647e-11 
5.327516e-02 -2.707842e-12 0.000000e+00 -2.833312e-11 
5.289552e-02 -3.179102e-12 0.000000e+00 -2.806770e-11 
5.251490e-02 -3.640740e-12 0.000000e+00 -2.779059e-11 
5.213330e-02 -4.092463e-12 0.000000e+00 -2.750218e-11 
5.175070e-02 -4.533992e-12 0.000000e+00 -2.720285e-11 
5.136711e-02 -4.965061e-12 0.000000e+00 -2.689301e-11 
5.098254e-02 -5.385421e-12 0.000000e+00 -2.657305e-11 
5.059697e-02 -5.794836e-12 0.000000e+00 -2.624339e-11 
5.021042e-02 -6.193085e-12 0.000000e+00 -2.590445e-11 
4.982287e-02 -6.579962e-12 0.000000e+00 -2.555663e-11 
4.943433e-02 -6.955274e-12 0.000000e+00 -2.520038e-11 
4.904479e-02 -7.318846e-12 0.000000e+00 -2.483610e-11 
4.865426e-02 -7.670517e-12 0.000000e+00 -2.446423e-11 
4.826274e-02 -8.010138e-12 0.000000e+00 -2.408520e-11 
4.787022e-02 -8.337580e-12 0.000000e+00 -2.369945e-11 
4.747671e-02 -8.652724e-12 0.000000e+00 -2.330741e-11 
4.708220e-02 -8.955471e-12 0.000000e+00 -2.290951e-11 
4.668669e-02 -9.245732e-12 0.000000e+00 -2.250618e-11 
4.629019e-02 -9.523437e-12 0.000000e+00 -2.209787e-11 
4.589269e-02 -9.788528e-12 0.000000e+00 -2.168501e-11 
4.549419e-02 -1.004096e-11 0.000000e+00 -2.126802e-11 
4.509469e-02 -1.028071e-11 0.000000e+00 -2.084735e-11 
4.469419e-02 -1.050776e-11 0.000000e+00 -2.042341e-11 
4.429269e-02 -1.072212e-11 0.000000e+00 -1.999664e-11 
4.389018e-02 -1.092379e-11 0.000000e+00 -1.956745e-11 
4.348668e-02 -1.111281e-11 0.000000e+00 -1.913627e-11 
4.308217e-02 -1.128922e-11 0.000000e+00 -1.870350e-11 
4.267666e-02 -1.145308e-11 0.000000e+00 -1.826957e-11 
4.227015e-02 -1.160445e-11 0.000000e+00 -1.783487e-11 
4.186263e-02 -1.174342e-11 0.000000e+00 -1.739981e-11 
4.145411e-02 -1.187008e-11 0.000000e+00 -1.696477e-11 
4.104458e-02 -1.198454e-11 0.000000e+00 -1.653015e-11 
4.063405e-02 -1.208692e-11 0.000000e+00 -1.609632e-11 
4.022251e-02 -1.217734e-11 0.000000e+00 -1.566365e-11 
3.980996e-02 -1.225597e-11 0.000000e+00 -1.523252e-11 
3.939641e-02 -1.232294e-11 0.000000e+00 -1.480329e-11 
3.898184e-02 -1.237842e-11 0.000000e+00 -1.437629e-11 
3.856627e-02 -1.242260e-11 0.000000e+00 -1.395188e-11 
3.814969e-02 -1.245565e-11 0.000000e+00 -1.353038e-11 
3.773210e-02 -1.247777e-11 0.000000e+00 -1.311212e-11 
3.731349e-02 -1.248916e-11 0.000000e+00 -1.269741e-11 
3.689388e-02 -1.249004e-11 0.000000e+00 -1.228656e-11 
3.647325e-02 -1.248063e-11 0.000000e+00 -1.187986e-11 
3.605161e-02 -1.246117e-11 0.000000e+00 -1.147760e-11 
3.562896e-02 -1.243188e-11 0.000000e+00 -1.108004e-11 
3.520529e-02 -1.239302e-11 0.000000e+00 -1.068746e-11 
3.478061e-02 -1.234483e-11 0.000000e+00 -1.030010e-11 
3.435492e-02 -1.228758e-11 0.000000e+00 -9.918213e-12 
3.392821e-02 -1.222153e-11 0.000000e+00 -9.542019e-12 
3.350048e-02 -1.214694e-11 0.000000e+00 -9.171741e-12 
3.307174e-02 -1.206409e-11 0.000000e+00 -8.807587e-12 
3.264198e-02 -1.197326e-11 0.000000e+00 -8.449754e-12 
3.221120e-02 -1.187474e-11 0.000000e+00 -8.098425e-12 
3.177940e-02 -1.176880e-11 0.000000e+00 -7.753775e-12 
3.134659e-02 -1.165574e-11 0.000000e+00 -7.415965e-12 
3.091276e-02 -1.153584e-11 0.000000e+00 -7.085146e-12 
3.047790e-02 -1.140940e-11 0.000000e+00 -6.761454e-12 
3.004203e-02 -1.127672e-11 0.000000e+00 -6.445018e-12 
2.960513e-02 -1.113808e-11 0.000000e+00 -6.135951e-12 
2.916722e-02 -1.099379e-11 0.000000e+00 -5.834358e-12 
2.872828e-02 -1.084413e-11 0.000000e+00 -5.540330e-12 
2.828832e-02 -1.068941e-11 0.000000e+00 -5.253949e-12 
2.784733e-02 -1.052991e-11 0.000000e+00 -4.975283e-12 
2.740533e-02 -1.036593e-11 0.000000e+00 -4.704390e-12 
2.696229e-02 -1.019775e-11 0.000000e+00 -4.441318e-12 
2.651824e-02 -1.002567e-11 0.000000e+00 -4.186102e-12 
2.607316e-02 -9.849963e-12 0.000000e+00 -3.938769e-12 
2.562705e-02 -9.670915e-12 0.000000e+00 -3.699332e-12 
2.517992e-02 -9.488801e-12 0.000000e+00 -3.467797e-12 
2.473175e-02 -9.303893e-12 0.000000e+00 -3.244158e-12 
2.428257e-02 -9.116458e-12 0.000000e+00 -3.028400e-12 
2.383235e-02 -8.926758e-12 0.000000e+00 -2.820498e-12 
2.338111e-02 -8.735049e-12 0.000000e+00 -2.620418e-12 
2.292883e-02 -8.541582e-12 0.000000e+00 -2.428115e-12 
2.247553e-02 -8.346601e-12 0.000000e+00 -2.243539e-12 
2.202120e-02 -8.150344e-12 0.000000e+00 -2.066628e-12 
2.156584e-02 -7.953039e-12 0.000000e+00 -1.897313e-12 
2.110944e-02 -7.754910e-12 0.000000e+00 -1.735518e-12 
2.065202e-02 -7.556172e-12 0.000000e+00 -1.581159e-12 
2.019356e-02 -7.357032e-12 0.000000e+00 -1.434143e-12 
1.973407e-02 -7.157688e-12 0.000000e+00 -1.294372e-12 
1.927355e-02 -6.958331e-12 0.000000e+00 -1.161741e-12 
1.881199e-02 -6.759143e-12 0.000000e+00 -1.036139e-12 
1.834940e-02 -6.560295e-12 0.000000e+00 -9.174476e-13 
1.788577e-02 -6.361952e-12 0.000000e+00 -8.055450e-13 
1.742111e-02 -6.164266e-12 0.000000e+00 -7.003024e-13 
1.695542e-02 -5.967383e-12 0.000000e+00 -6.015868e-13 
1.648869e-02 -5.771438e-12 0.000000e+00 -5.092603e-13 
1.602092e-02 -5.576555e-12 0.000000e+00 -4.231808e-13 
1.555212e-02 -5.382850e-12 0.000000e+00 -3.432020e-13 
1.508227e-02 -5.190428e-12 0.000000e+00 -2.691740e-13 
1.461139e-02 -4.999385e-12 0.000000e+00 -2.009435e-13 
1.413947e-02 -4.809807e-12 0.000000e+00 -1.383539e-13 
1.366652e-02 -4.621768e-12 0.000000e+00 -8.124564e-14 
1.319252e-02 -4.435336e-12 0.000000e+00 -2.945670e-14 
1.271748e-02 -4.250566e-12 0.000000e+00 1.717750e-14 
1.224141e-02 -4.067504e-12 0.000000e+00 5.882371e-14 
1.176429e-02 -3.886187e-12 0.000000e+00 9.565062e-14 
1.128613e-02 -3.706641e-12 0.000000e+00 1.278287e-13 
1.080693e-02 -3.528884e-12 0.000000e+00 1.555300e-13 
1.032669e-02 -3.352924e-12 0.000000e+00 1.789280e-13 
9.845399e-03 -3.178760e-12 0.000000e+00 1.981975e-13 
9.363070e-03 -3.006382e-12 0.000000e+00 2.135144e-13 
8.879697e-03 -2.835771e-12 0.000000e+00 2.250560e-13 
8.395280e-03 -2.666899e-12 0.000000e+00 2.330006e-13 
7.909819e-03 -2.499731e-12 0.000000e+00 2.375279e-13 
7.423312e-03 -2.334223e-12 0.000000e+00 2.388191e-13 
6.935760e-03 -2.170324e-12 0.000000e+00 2.370571e-13 
6.447162e-03 -2.007973e-12 0.000000e+00 2.324268e-13 
5.957517e-03 -1.847104e-12 0.000000e+00 2.251160e-13 
5.466826e-03 -1.687643e-12 0.000000e+00 2.153149e-13 
4.975088e-03 -1.529512e-12 0.000000e+00 2.032175e-13 
4.482301e-03 -1.372623e-12 0.000000e+00 1.890208e-13 
3.988467e-03 -1.216885e-12 0.000000e+00 1.729251e-13 
3.493583e-03 -1.062202e-12 0.000000e+00 1.551335e-13 
2.997651e-03 -9.084719e-13 0.000000e+00 1.358500e-13 
2.500669e-03 -7.555905e-13 0.000000e+00 1.152778e-13 
2.002637e-03 -6.034490e-13 0.000000e+00 9.361701e-14 
1.503554e-03 -4.519356e-13 0.000000e+00 7.106274e-14 
1.003421e-03 -3.009356e-13 0.000000e+00 4.780643e-14 
5.022364e-04 -1.503307e-13 0.000000e+00 2.404409e-14 
0.000000e+00 0.000000e+00 0.000000e+00 0.000000e+00 
