time=500.000000
u1[0] u1[1] u2[0] u2[1]n1.381786e-01 0.000000e+00 0.000000e+00 0.000000e+00 
1.381786e-01 1.005759e-11 0.000000e+00 -1.020895e-12 
1.381788e-01 2.011944e-11 0.000000e+00 -2.005626e-12 
1.381790e-01 3.018047e-11 0.000000e+00 -2.978688e-12 
1.381794e-01 4.023945e-11 0.000000e+00 -3.947659e-12 
1.381799e-01 5.029554e-11 0.000000e+00 -4.915430e-12 
1.381805e-01 6.034803e-11 0.000000e+00 -5.883262e-12 
1.381812e-01 7.039624e-11 0.000000e+00 -6.851708e-12 
1.381820e-01 8.043952e-11 0.000000e+00 -7.820979e-12 
1.381830e-01 9.047720e-11 0.000000e+00 -8.791123e-12 
1.381840e-01 1.005086e-10 0.000000e+00 -9.762108e-12 
1.381852e-01 1.105331e-10 0.000000e+00 -1.073388e-11 
1.381865e-01 1.205500e-10 0.000000e+00 -1.170636e-11 
1.381879e-01 1.305587e-10 0.000000e+00 -1.267950e-11 
1.381894e-01 1.405583e-10 0.000000e+00 -1.365325e-11 
1.381910e-01 1.505483e-10 0.000000e+00 -1.462756e-11 
1.381927e-01 1.605280e-10 0.000000e+00 -1.560241e-11 
1.381945e-01 1.704966e-10 0.000000e+00 -1.657780e-11 
1.381964e-01 1.804535e-10 0.000000e+00 -1.755370e-11 
1.381985e-01 1.903980e-10 0.000000e+00 -1.853013e-11 
1.382006e-01 2.003293e-10 0.000000e+00 -1.950710e-11 
1.382029e-01 2.102468e-10 0.000000e+00 -2.048462e-11 
1.382053e-01 2.201498e-10 0.000000e+00 -2.146272e-11 
1.382078e-01 2.300375e-10 0.000000e+00 -2.244141e-11 
1.382104e-01 2.399092e-10 0.000000e+00 -2.342072e-11 
1.382131e-01 2.497643e-10 0.000000e+00 -2.440069e-11 
1.382159e-01 2.596021e-10 0.000000e+00 -2.538134e-11 
1.382188e-01 2.694218e-10 0.000000e+00 -2.636270e-11 
1.382218e-01 2.792226e-10 0.000000e+00 -2.734482e-11 
1.382249e-01 2.890040e-10 0.000000e+00 -2.832773e-11 
1.382282e-01 2.987651e-10 0.000000e+00 -2.931145e-11 
1.382315e-01 3.085053e-10 0.000000e+00 -3.029605e-11 
1.382350e-01 3.182239e-10 0.000000e+00 -3.128154e-11 
1.382386e-01 3.279200e-10 0.000000e+00 -3.226798e-11 
1.382422e-01 3.375931e-10 0.000000e+00 -3.325540e-11 
1.382460e-01 3.472423e-10 0.000000e+00 -3.424385e-11 
1.382499e-01 3.568669e-10 0.000000e+00 -3.523338e-11 
1.382539e-01 3.664663e-10 0.000000e+00 -3.622402e-11 
1.382580e-01 3.760396e-10 0.000000e+00 -3.721582e-11 
1.382622e-01 3.855861e-10 0.000000e+00 -3.820883e-11 
1.382665e-01 3.951052e-10 0.000000e+00 -3.920310e-11 
1.382709e-01 4.045960e-10 0.000000e+00 -4.019868e-11 
1.382754e-01 4.140579e-10 0.000000e+00 -4.119562e-11 
1.382800e-01 4.234900e-10 0.000000e+00 -4.219397e-11 
1.382847e-01 4.328917e-10 0.000000e+00 -4.319377e-11 
1.382896e-01 4.422621e-10 0.000000e+00 -4.419510e-11 
1.382945e-01 4.516006e-10 0.000000e+00 -4.519799e-11 
1.382995e-01 4.609064e-10 0.000000e+00 -4.620250e-11 
1.383046e-01 4.701788e-10 0.000000e+00 -4.720869e-11 
1.383099e-01 4.794169e-10 0.000000e+00 -4.821662e-11 
1.383152e-01 4.886201e-10 0.000000e+00 -4.922633e-11 
1.383206e-01 4.977875e-10 0.000000e+00 -5.023790e-11 
1.383262e-01 5.069185e-10 0.000000e+00 -5.125137e-11 
1.383318e-01 5.160122e-10 0.000000e+00 -5.226680e-11 
1.383375e-01 5.250679e-10 0.000000e+00 -5.328425e-11 
1.383434e-01 5.340848e-10 0.000000e+00 -5.430377e-11 
1.383493e-01 5.430622e-10 0.000000e+00 -5.532544e-11 
1.383553e-01 5.519993e-10 0.000000e+00 -5.634929e-11 
1.383615e-01 5.608953e-10 0.000000e+00 -5.737540e-11 
1.383677e-01 5.697494e-10 0.000000e+00 -5.840382e-11 
1.383740e-01 5.785609e-10 0.000000e+00 -5.943460e-11 
1.383804e-01 5.873290e-10 0.000000e+00 -6.046781e-11 
1.383870e-01 5.960530e-10 0.000000e+00 -6.150349e-11 
1.383936e-01 6.047319e-10 0.000000e+00 -6.254170e-11 
1.384003e-01 6.133651e-10 0.000000e+00 -6.358250e-11 
1.384071e-01 6.219518e-10 0.000000e+00 -6.462594e-11 
1.384140e-01 6.304912e-10 0.000000e+00 -6.567207e-11 
1.384210e-01 6.389824e-10 0.000000e+00 -6.672093e-11 
1.384280e-01 6.474248e-10 0.000000e+00 -6.777259e-11 
1.384352e-01 6.558174e-10 0.000000e+00 -6.882709e-11 
1.384425e-01 6.641596e-10 0.000000e+00 -6.988446e-11 
1.384498e-01 6.724505e-10 0.000000e+00 -7.094476e-11 
1.384573e-01 6.806893e-10 0.000000e+00 -7.200802e-11 
1.384648e-01 6.888752e-10 0.000000e+00 -7.307429e-11 
1.384724e-01 6.970075e-10 0.000000e+00 -7.414359e-11 
1.384802e-01 7.050853e-10 0.000000e+00 -7.521596e-11 
1.384880e-01 7.131078e-10 0.000000e+00 -7.629144e-11 
1.384958e-01 7.210742e-10 0.000000e+00 -7.737004e-11 
1.385038e-01 7.289837e-10 0.000000e+00 -7.845180e-11 
1.385119e-01 7.368355e-10 0.000000e+00 -7.953673e-11 
1.385200e-01 7.446288e-10 0.000000e+00 -8.062484e-11 
1.385283e-01 7.523628e-10 0.000000e+00 -8.171616e-11 
1.385366e-01 7.600367e-10 0.000000e+00 -8.281068e-11 
1.385450e-01 7.676496e-10 0.000000e+00 -8.390841e-11 
1.385535e-01 7.752008e-10 0.000000e+00 -8.500936e-11 
1.385620e-01 7.826894e-10 0.000000e+00 -8.611350e-11 
1.385707e-01 7.901146e-10 0.000000e+00 -8.722085e-11 
1.385794e-01 7.974756e-10 0.000000e+00 -8.833137e-11 
1.385882e-01 8.047717e-10 0.000000e+00 -8.944504e-11 
1.385971e-01 8.120019e-10 0.000000e+00 -9.056185e-11 
1.386061e-01 8.191655e-10 0.000000e+00 -9.168175e-11 
1.386152e-01 8.262617e-10 0.000000e+00 -9.280471e-11 
1.386243e-01 8.332897e-10 0.000000e+00 -9.393068e-11 
1.386335e-01 8.402485e-10 0.000000e+00 -9.505962e-11 
1.386428e-01 8.471376e-10 0.000000e+00 -9.619145e-11 
1.386521e-01 8.539560e-10 0.000000e+00 -9.732612e-11 
1.386615e-01 8.607029e-10 0.000000e+00 -9.846356e-11 
1.386711e-01 8.673775e-10 0.000000e+00 -9.960368e-11 
1.386806e-01 8.739791e-10 0.000000e+00 -1.007464e-10 
1.386903e-01 8.805069e-10 0.000000e+00 -1.018916e-10 
1.387000e-01 8.869600e-10 0.000000e+00 -1.030392e-10 
1.387098e-01 8.933377e-10 0.000000e+00 -1.041891e-10 
1.387196e-01 8.996392e-10 0.000000e+00 -1.053412e-10 
1.387296e-01 9.058636e-10 0.000000e+00 -1.064954e-10 
1.387396e-01 9.120104e-10 0.000000e+00 -1.076514e-10 
1.387496e-01 9.180786e-10 0.000000e+00 -1.088092e-10 
1.387598e-01 9.240675e-10 0.000000e+00 -1.099687e-10 
1.387700e-01 9.299764e-10 0.000000e+00 -1.111296e-10 
1.387802e-01 9.358044e-10 0.000000e+00 -1.122918e-10 
1.387906e-01 9.415510e-10 0.000000e+00 -1.134551e-10 
1.388010e-01 9.472153e-10 0.000000e+00 -1.146194e-10 
1.388114e-01 9.527966e-10 0.000000e+00 -1.157844e-10 
1.388219e-01 9.582942e-10 0.000000e+00 -1.169500e-10 
1.388325e-01 9.637074e-10 0.000000e+00 -1.181159e-10 
1.388431e-01 9.690355e-10 0.000000e+00 -1.192819e-10 
1.388538e-01 9.742778e-10 0.000000e+00 -1.204478e-10 
1.388646e-01 9.794337e-10 0.000000e+00 -1.216134e-10 
1.388754e-01 9.845024e-10 0.000000e+00 -1.227784e-10 
1.388863e-01 9.894833e-10 0.000000e+00 -1.239426e-10 
1.388972e-01 9.943758e-10 0.000000e+00 -1.251057e-10 
1.389082e-01 9.991792e-10 0.000000e+00 -1.262676e-10 
1.389192e-01 1.003893e-09 0.000000e+00 -1.274278e-10 
1.389303e-01 1.008517e-09 0.000000e+00 -1.285861e-10 
1.389414e-01 1.013049e-09 0.000000e+00 -1.297424e-10 
1.389526e-01 1.017490e-09 0.000000e+00 -1.308962e-10 
1.389638e-01 1.021840e-09 0.000000e+00 -1.320473e-10 
1.389751e-01 1.026096e-09 0.000000e+00 -1.331954e-10 
1.389865e-01 1.030260e-09 0.000000e+00 -1.343402e-10 
1.389978e-01 1.034330e-09 0.000000e+00 -1.354815e-10 
1.390093e-01 1.038306e-09 0.000000e+00 -1.366189e-10 
1.390207e-01 1.042188e-09 0.000000e+00 -1.377521e-10 
1.390323e-01 1.045974e-09 0.000000e+00 -1.388808e-10 
1.390438e-01 1.049666e-09 0.000000e+00 -1.400048e-10 
1.390554e-01 1.053261e-09 0.000000e+00 -1.411237e-10 
1.390670e-01 1.056760e-09 0.000000e+00 -1.422373e-10 
1.390787e-01 1.060162e-09 0.000000e+00 -1.433452e-10 
1.390904e-01 1.063468e-09 0.000000e+00 -1.444472e-10 
1.391022e-01 1.066676e-09 0.000000e+00 -1.455430e-10 
1.391140e-01 1.069787e-09 0.000000e+00 -1.466323e-10 
1.391258e-01 1.072799e-09 0.000000e+00 -1.477149e-10 
1.391377e-01 1.075713e-09 0.000000e+00 -1.487904e-10 
1.391496e-01 1.078529e-09 0.000000e+00 -1.498586e-10 
1.391615e-01 1.081246e-09 0.000000e+00 -1.509194e-10 
1.391735e-01 1.083864e-09 0.000000e+00 -1.519724e-10 
1.391855e-01 1.086383e-09 0.000000e+00 -1.530175e-10 
1.391975e-01 1.088803e-09 0.000000e+00 -1.540545e-10 
1.392095e-01 1.091123e-09 0.000000e+00 -1.550831e-10 
1.392216e-01 1.093343e-09 0.000000e+00 -1.561032e-10 
1.392337e-01 1.095463e-09 0.000000e+00 -1.571147e-10 
1.392458e-01 1.097483e-09 0.000000e+00 -1.581174e-10 
1.392580e-01 1.099404e-09 0.000000e+00 -1.591112e-10 
1.392702e-01 1.101224e-09 0.000000e+00 -1.600960e-10 
1.392824e-01 1.102944e-09 0.000000e+00 -1.610719e-10 
1.392946e-01 1.104563e-09 0.000000e+00 -1.620387e-10 
1.393068e-01 1.106082e-09 0.000000e+00 -1.629964e-10 
1.393191e-01 1.107501e-09 0.000000e+00 -1.639450e-10 
1.393313e-01 1.108819e-09 0.000000e+00 -1.648847e-10 
1.393436e-01 1.110037e-09 0.000000e+00 -1.658155e-10 
1.393559e-01 1.111154e-09 0.000000e+00 -1.667374e-10 
1.393682e-01 1.112171e-09 0.000000e+00 -1.676507e-10 
1.393806e-01 1.113087e-09 0.000000e+00 -1.685555e-10 
1.393929e-01 1.113903e-09 0.000000e+00 -1.694520e-10 
1.394052e-01 1.114618e-09 0.000000e+00 -1.703405e-10 
1.394176e-01 1.115232e-09 0.000000e+00 -1.712212e-10 
1.394300e-01 1.115747e-09 0.000000e+00 -1.720946e-10 
1.394423e-01 1.116160e-09 0.000000e+00 -1.729609e-10 
1.394547e-01 1.116473e-09 0.000000e+00 -1.738205e-10 
1.394671e-01 1.116686e-09 0.000000e+00 -1.746740e-10 
1.394795e-01 1.116798e-09 0.000000e+00 -1.755218e-10 
1.394918e-01 1.116809e-09 0.000000e+00 -1.763643e-10 
1.395042e-01 1.116720e-09 0.000000e+00 -1.772023e-10 
1.395166e-01 1.116530e-09 0.000000e+00 -1.780362e-10 
1.395290e-01 1.116239e-09 0.000000e+00 -1.788668e-10 
1.395414e-01 1.115847e-09 0.000000e+00 -1.796948e-10 
1.395537e-01 1.115354e-09 0.000000e+00 -1.805208e-10 
1.395661e-01 1.114759e-09 0.000000e+00 -1.813457e-10 
1.395784e-01 1.114063e-09 0.000000e+00 -1.821702e-10 
1.395908e-01 1.113266e-09 0.000000e+00 -1.829953e-10 
1.396031e-01 1.112366e-09 0.000000e+00 -1.838218e-10 
1.396155e-01 1.111364e-09 0.000000e+00 -1.846507e-10 
1.396278e-01 1.110260e-09 0.000000e+00 -1.854829e-10 
1.396401e-01 1.109052e-09 0.000000e+00 -1.863194e-10 
1.396524e-01 1.107741e-09 0.000000e+00 -1.871613e-10 
1.396646e-01 1.106326e-09 0.000000e+00 -1.880096e-10 
1.396769e-01 1.104807e-09 0.000000e+00 -1.888655e-10 
1.396891e-01 1.103182e-09 0.000000e+00 -1.897301e-10 
1.397013e-01 1.101452e-09 0.000000e+00 -1.906044e-10 
1.397135e-01 1.099616e-09 0.000000e+00 -1.914897e-10 
1.397257e-01 1.097672e-09 0.000000e+00 -1.923872e-10 
1.397378e-01 1.095621e-09 0.000000e+00 -1.932980e-10 
1.397499e-01 1.093461e-09 0.000000e+00 -1.942234e-10 
1.397620e-01 1.091192e-09 0.000000e+00 -1.951645e-10 
1.397741e-01 1.088812e-09 0.000000e+00 -1.961227e-10 
1.397861e-01 1.086320e-09 0.000000e+00 -1.970990e-10 
1.397981e-01 1.083715e-09 0.000000e+00 -1.980948e-10 
1.398101e-01 1.080997e-09 0.000000e+00 -1.991113e-10 
1.398220e-01 1.078164e-09 0.000000e+00 -2.001495e-10 
1.398339e-01 1.075214e-09 0.000000e+00 -2.012107e-10 
1.398458e-01 1.072146e-09 0.000000e+00 -2.022961e-10 
1.398576e-01 1.068959e-09 0.000000e+00 -2.034066e-10 
1.398694e-01 1.065651e-09 0.000000e+00 -2.045435e-10 
1.398811e-01 1.062222e-09 0.000000e+00 -2.057077e-10 
1.398928e-01 1.058668e-09 0.000000e+00 -2.069002e-10 
1.399045e-01 1.054989e-09 0.000000e+00 -2.081219e-10 
1.399161e-01 1.051182e-09 0.000000e+00 -2.093737e-10 
1.399277e-01 1.047247e-09 0.000000e+00 -2.106564e-10 
1.399392e-01 1.043180e-09 0.000000e+00 -2.119707e-10 
1.399507e-01 1.038981e-09 0.000000e+00 -2.133173e-10 
1.399621e-01 1.034647e-09 0.000000e+00 -2.146966e-10 
1.399735e-01 1.030176e-09 0.000000e+00 -2.161092e-10 
1.399848e-01 1.025567e-09 0.000000e+00 -2.175555e-10 
1.399960e-01 1.020817e-09 0.000000e+00 -2.190356e-10 
1.400072e-01 1.015925e-09 0.000000e+00 -2.205497e-10 
1.400184e-01 1.010887e-09 0.000000e+00 -2.220978e-10 
1.400295e-01 1.005703e-09 0.000000e+00 -2.236799e-10 
1.400405e-01 1.000370e-09 0.000000e+00 -2.252957e-10 
1.400514e-01 9.948851e-10 0.000000e+00 -2.269448e-10 
1.400623e-01 9.892475e-10 0.000000e+00 -2.286266e-10 
1.400732e-01 9.834546e-10 0.000000e+00 -2.303406e-10 
1.400839e-01 9.775043e-10 0.000000e+00 -2.320859e-10 
1.400946e-01 9.713948e-10 0.000000e+00 -2.338616e-10 
1.401053e-01 9.651239e-10 0.000000e+00 -2.356664e-10 
1.401158e-01 9.586898e-10 0.000000e+00 -2.374990e-10 
1.401263e-01 9.520907e-10 0.000000e+00 -2.393580e-10 
1.401367e-01 9.453246e-10 0.000000e+00 -2.412417e-10 
1.401470e-01 9.383900e-10 0.000000e+00 -2.431483e-10 
1.401573e-01 9.312851e-10 0.000000e+00 -2.450757e-10 
1.401675e-01 9.240085e-10 0.000000e+00 -2.470217e-10 
1.401776e-01 9.165588e-10 0.000000e+00 -2.489839e-10 
1.401876e-01 9.089347e-10 0.000000e+00 -2.509597e-10 
1.401975e-01 9.011350e-10 0.000000e+00 -2.529464e-10 
1.402074e-01 8.931588e-10 0.000000e+00 -2.549410e-10 
1.402171e-01 8.850051e-10 0.000000e+00 -2.569403e-10 
1.402268e-01 8.766735e-10 0.000000e+00 -2.589411e-10 
1.402364e-01 8.681633e-10 0.000000e+00 -2.609397e-10 
1.402459e-01 8.594743e-10 0.000000e+00 -2.629325e-10 
1.402553e-01 8.506064e-10 0.000000e+00 -2.649157e-10 
1.402646e-01 8.415598e-10 0.000000e+00 -2.668852e-10 
1.402738e-01 8.323348e-10 0.000000e+00 -2.688367e-10 
1.402829e-01 8.229320e-10 0.000000e+00 -2.707659e-10 
1.402919e-01 8.133523e-10 0.000000e+00 -2.726684e-10 
1.403008e-01 8.035968e-10 0.000000e+00 -2.745393e-10 
1.403096e-01 7.936669e-10 0.000000e+00 -2.763739e-10 
1.403183e-01 7.835643e-10 0.000000e+00 -2.781673e-10 
1.403269e-01 7.732909e-10 0.000000e+00 -2.799144e-10 
1.403354e-01 7.628490e-10 0.000000e+00 -2.816101e-10 
1.403438e-01 7.522412e-10 0.000000e+00 -2.832490e-10 
1.403521e-01 7.414704e-10 0.000000e+00 -2.848259e-10 
1.403602e-01 7.305397e-10 0.000000e+00 -2.863352e-10 
1.403683e-01 7.194527e-10 0.000000e+00 -2.877716e-10 
1.403762e-01 7.082132e-10 0.000000e+00 -2.891295e-10 
1.403841e-01 6.968256e-10 0.000000e+00 -2.904034e-10 
1.403918e-01 6.852943e-10 0.000000e+00 -2.915876e-10 
1.403993e-01 6.736241e-10 0.000000e+00 -2.926767e-10 
1.404068e-01 6.618205e-10 0.000000e+00 -2.936652e-10 
1.404141e-01 6.498888e-10 0.000000e+00 -2.945473e-10 
1.404214e-01 6.378351e-10 0.000000e+00 -2.953179e-10 
1.404285e-01 6.256656e-10 0.000000e+00 -2.959714e-10 
1.404354e-01 6.133869e-10 0.000000e+00 -2.965026e-10 
1.404423e-01 6.010061e-10 0.000000e+00 -2.969063e-10 
1.404490e-01 5.885302e-10 0.000000e+00 -2.971775e-10 
1.404555e-01 5.759670e-10 0.000000e+00 -2.973113e-10 
1.404620e-01 5.633244e-10 0.000000e+00 -2.973030e-10 
1.404683e-01 5.506106e-10 0.000000e+00 -2.971479e-10 
1.404744e-01 5.378342e-10 0.000000e+00 -2.968418e-10 
1.404804e-01 5.250039e-10 0.000000e+00 -2.963807e-10 
1.404863e-01 5.121288e-10 0.000000e+00 -2.957605e-10 
1.404921e-01 4.992183e-10 0.000000e+00 -2.949777e-10 
1.404977e-01 4.862821e-10 0.000000e+00 -2.940290e-10 
1.405031e-01 4.733298e-10 0.000000e+00 -2.929114e-10 
1.405084e-01 4.603717e-10 0.000000e+00 -2.916221e-10 
1.405136e-01 4.474179e-10 0.000000e+00 -2.901588e-10 
1.405186e-01 4.344788e-10 0.000000e+00 -2.885195e-10 
1.405234e-01 4.215650e-10 0.000000e+00 -2.867025e-10 
1.405281e-01 4.086872e-10 0.000000e+00 -2.847065e-10 
1.405327e-01 3.958562e-10 0.000000e+00 -2.825307e-10 
1.405371e-01 3.830829e-10 0.000000e+00 -2.801744e-10 
1.405413e-01 3.703783e-10 0.000000e+00 -2.776377e-10 
1.405453e-01 3.577533e-10 0.000000e+00 -2.749209e-10 
1.405492e-01 3.452190e-10 0.000000e+00 -2.720248e-10 
1.405530e-01 3.327863e-10 0.000000e+00 -2.689506e-10 
1.405566e-01 3.204662e-10 0.000000e+00 -2.656999e-10 
1.405600e-01 3.082696e-10 0.000000e+00 -2.622749e-10 
1.405632e-01 2.962071e-10 0.000000e+00 -2.586781e-10 
1.405663e-01 2.842895e-10 0.000000e+00 -2.549125e-10 
1.405692e-01 2.725273e-10 0.000000e+00 -2.509817e-10 
1.405719e-01 2.609306e-10 0.000000e+00 -2.468895e-10 
1.405744e-01 2.495097e-10 0.000000e+00 -2.426404e-10 
1.405768e-01 2.382743e-10 0.000000e+00 -2.382390e-10 
1.405790e-01 2.272340e-10 0.000000e+00 -2.336907e-10 
1.405810e-01 2.163980e-10 0.000000e+00 -2.290012e-10 
1.405828e-01 2.057753e-10 0.000000e+00 -2.241766e-10 
1.405844e-01 1.953745e-10 0.000000e+00 -2.192232e-10 
1.405859e-01 1.852038e-10 0.000000e+00 -2.141482e-10 
1.405871e-01 1.752709e-10 0.000000e+00 -2.089586e-10 
1.405882e-01 1.655832e-10 0.000000e+00 -2.036622e-10 
1.405891e-01 1.561477e-10 0.000000e+00 -1.982668e-10 
1.405898e-01 1.469707e-10 0.000000e+00 -1.927809e-10 
1.405903e-01 1.380583e-10 0.000000e+00 -1.872129e-10 
1.405906e-01 1.294157e-10 0.000000e+00 -1.815717e-10 
1.405907e-01 1.210480e-10 0.000000e+00 -1.758665e-10 
1.405906e-01 1.129595e-10 0.000000e+00 -1.701065e-10 
1.405903e-01 1.051539e-10 0.000000e+00 -1.643013e-10 
1.405898e-01 9.763438e-11 0.000000e+00 -1.584605e-10 
1.405891e-01 9.040362e-11 0.000000e+00 -1.525941e-10 
1.405882e-01 8.346362e-11 0.000000e+00 -1.467119e-10 
1.405870e-01 7.681578e-11 0.000000e+00 -1.408239e-10 
1.405857e-01 7.046088e-11 0.000000e+00 -1.349403e-10 
1.405841e-01 6.439913e-11 0.000000e+00 -1.290710e-10 
1.405824e-01 5.863008e-11 0.000000e+00 -1.232262e-10 
1.405804e-01 5.315269e-11 0.000000e+00 -1.174158e-10 
1.405782e-01 4.796532e-11 0.000000e+00 -1.116498e-10 
1.405758e-01 4.306570e-11 0.000000e+00 -1.059379e-10 
1.405732e-01 3.845099e-11 0.000000e+00 -1.002898e-10 
1.405703e-01 3.411776e-11 0.000000e+00 -9.471489e-11 
1.405672e-01 3.006198e-11 0.000000e+00 -8.922245e-11 
1.405639e-01 2.627910e-11 0.000000e+00 -8.382145e-11 
1.405604e-01 2.276400e-11 0.000000e+00 -7.852060e-11 
1.405566e-01 1.951105e-11 0.000000e+00 -7.332826e-11 
1.405526e-01 1.651410e-11 0.000000e+00 -6.825249e-11 
1.405484e-01 1.376655e-11 0.000000e+00 -6.330097e-11 
1.405439e-01 1.126130e-11 0.000000e+00 -5.848096e-11 
1.405392e-01 8.990868e-12 0.000000e+00 -5.379932e-11 
1.405343e-01 6.947326e-12 0.000000e+00 -4.926245e-11 
1.405291e-01 5.122396e-12 0.000000e+00 -4.487630e-11 
1.405236e-01 3.507450e-12 0.000000e+00 -4.064630e-11 
1.405180e-01 2.093551e-12 0.000000e+00 -3.657741e-11 
1.405121e-01 8.714825e-13 0.000000e+00 -3.267403e-11 
1.405059e-01 -1.682152e-13 0.000000e+00 -2.894003e-11 
1.404995e-01 -1.035211e-12 0.000000e+00 -2.537875e-11 
1.404928e-01 -1.739344e-12 0.000000e+00 -2.199294e-11 
1.404859e-01 -2.290594e-12 0.000000e+00 -1.878479e-11 
1.404787e-01 -2.699037e-12 0.000000e+00 -1.575592e-11 
1.404713e-01 -2.974813e-12 0.000000e+00 -1.290737e-11 
1.404636e-01 -3.128086e-12 0.000000e+00 -1.023961e-11 
1.404557e-01 -3.169009e-12 0.000000e+00 -7.752506e-12 
1.404475e-01 -3.107687e-12 0.000000e+00 -5.445385e-12 
1.404390e-01 -2.954140e-12 0.000000e+00 -3.316992e-12 
1.404303e-01 -2.718266e-12 0.000000e+00 -1.365522e-12 
1.404213e-01 -2.409809e-12 0.000000e+00 4.113768e-13 
1.404120e-01 -2.038322e-12 0.000000e+00 2.016582e-12 
1.404025e-01 -1.613135e-12 0.000000e+00 3.453487e-12 
1.403927e-01 -1.143325e-12 0.000000e+00 4.725977e-12 
1.403826e-01 -6.376834e-13 0.000000e+00 5.838411e-12 
1.403722e-01 -1.046875e-13 0.000000e+00 6.795599e-12 
1.403616e-01 4.475252e-13 0.000000e+00 7.602775e-12 
1.403507e-01 1.011184e-12 0.000000e+00 8.265572e-12 
1.403395e-01 1.578905e-12 0.000000e+00 8.789993e-12 
1.403280e-01 2.143719e-12 0.000000e+00 9.182380e-12 
1.403162e-01 2.699082e-12 0.000000e+00 9.449387e-12 
1.403042e-01 3.238899e-12 0.000000e+00 9.597939e-12 
1.402918e-01 3.757536e-12 0.000000e+00 9.635206e-12 
1.402792e-01 4.249831e-12 0.000000e+00 9.568564e-12 
1.402663e-01 4.711106e-12 0.000000e+00 9.405561e-12 
1.402530e-01 5.137172e-12 0.000000e+00 9.153882e-12 
1.402395e-01 5.524336e-12 0.000000e+00 8.821309e-12 
1.402257e-01 5.869402e-12 0.000000e+00 8.415686e-12 
1.402116e-01 6.169671e-12 0.000000e+00 7.944885e-12 
1.401972e-01 6.422938e-12 0.000000e+00 7.416767e-12 
1.401825e-01 6.627487e-12 0.000000e+00 6.839143e-12 
1.401675e-01 6.782084e-12 0.000000e+00 6.219746e-12 
1.401521e-01 6.885965e-12 0.000000e+00 5.566189e-12 
1.401365e-01 6.938826e-12 0.000000e+00 4.885935e-12 
1.401206e-01 6.940808e-12 0.000000e+00 4.186262e-12 
1.401043e-01 6.892477e-12 0.000000e+00 3.474233e-12 
1.400877e-01 6.794812e-12 0.000000e+00 2.756667e-12 
1.400708e-01 6.649179e-12 0.000000e+00 2.040108e-12 
1.400536e-01 6.457308e-12 0.000000e+00 1.330800e-12 
1.400361e-01 6.221276e-12 0.000000e+00 6.346616e-13 
1.400183e-01 5.943472e-12 0.000000e+00 -4.273555e-14 
1.400001e-01 5.626580e-12 0.000000e+00 -6.961890e-13 
1.399816e-01 5.273542e-12 0.000000e+00 -1.320883e-12 
1.399628e-01 4.887536e-12 0.000000e+00 -1.912403e-12 
1.399437e-01 4.471944e-12 0.000000e+00 -2.466754e-12 
1.399242e-01 4.030320e-12 0.000000e+00 -2.980365e-12 
1.399044e-01 3.566362e-12 0.000000e+00 -3.450102e-12 
1.398843e-01 3.083880e-12 0.000000e+00 -3.873273e-12 
1.398638e-01 2.586765e-12 0.000000e+00 -4.247632e-12 
1.398430e-01 2.078956e-12 0.000000e+00 -4.571378e-12 
1.398218e-01 1.564414e-12 0.000000e+00 -4.843155e-12 
1.398003e-01 1.047089e-12 0.000000e+00 -5.062047e-12 
1.397785e-01 5.308891e-13 0.000000e+00 -5.227572e-12 
1.397563e-01 1.965580e-14 0.000000e+00 -5.339672e-12 
1.397338e-01 -4.828665e-13 0.000000e+00 -5.398702e-12 
1.397109e-01 -9.730555e-13 0.000000e+00 -5.405414e-12 
1.396877e-01 -1.447437e-12 0.000000e+00 -5.360945e-12 
1.396642e-01 -1.902706e-12 0.000000e+00 -5.266796e-12 
1.396402e-01 -2.335753e-12 0.000000e+00 -5.124814e-12 
1.396159e-01 -2.743681e-12 0.000000e+00 -4.937169e-12 
1.395913e-01 -3.123822e-12 0.000000e+00 -4.706328e-12 
1.395663e-01 -3.473759e-12 0.000000e+00 -4.435037e-12 
1.395410e-01 -3.791336e-12 0.000000e+00 -4.126289e-12 
1.395153e-01 -4.074671e-12 0.000000e+00 -3.783297e-12 
1.394892e-01 -4.322169e-12 0.000000e+00 -3.409470e-12 
1.394627e-01 -4.532524e-12 0.000000e+00 -3.008381e-12 
1.394359e-01 -4.704730e-12 0.000000e+00 -2.583734e-12 
1.394087e-01 -4.838085e-12 0.000000e+00 -2.139344e-12 
1.393812e-01 -4.932186e-12 0.000000e+00 -1.679095e-12 
1.393533e-01 -4.986934e-12 0.000000e+00 -1.206919e-12 
1.393250e-01 -5.002528e-12 0.000000e+00 -7.267624e-13 
1.392963e-01 -4.979462e-12 0.000000e+00 -2.425557e-13 
1.392672e-01 -4.918513e-12 0.000000e+00 2.418131e-13 
1.392378e-01 -4.820736e-12 0.000000e+00 7.225276e-13 
1.392080e-01 -4.687453e-12 0.000000e+00 1.195870e-12 
1.391778e-01 -4.520235e-12 0.000000e+00 1.658247e-12 
1.391472e-01 -4.320891e-12 0.000000e+00 2.106215e-12 
1.391162e-01 -4.091450e-12 0.000000e+00 2.536502e-12 
1.390848e-01 -3.834145e-12 0.000000e+00 2.946030e-12 
1.390531e-01 -3.551392e-12 0.000000e+00 3.331936e-12 
1.390209e-01 -3.245770e-12 0.000000e+00 3.691587e-12 
1.389884e-01 -2.919998e-12 0.000000e+00 4.022598e-12 
1.389555e-01 -2.576917e-12 0.000000e+00 4.322849e-12 
1.389221e-01 -2.219463e-12 0.000000e+00 4.590490e-12 
1.388884e-01 -1.850646e-12 0.000000e+00 4.823958e-12 
1.388543e-01 -1.473526e-12 0.000000e+00 5.021978e-12 
1.388197e-01 -1.091187e-12 0.000000e+00 5.183573e-12 
1.387848e-01 -7.067173e-13 0.000000e+00 5.308067e-12 
1.387494e-01 -3.231823e-13 0.000000e+00 5.395083e-12 
1.387137e-01 5.639671e-14 0.000000e+00 5.444541e-12 
1.386775e-01 4.290655e-13 0.000000e+00 5.456660e-12 
1.386409e-01 7.919590e-13 0.000000e+00 5.431945e-12 
1.386039e-01 1.142322e-12 0.000000e+00 5.371185e-12 
1.385665e-01 1.477529e-12 0.000000e+00 5.275439e-12 
1.385287e-01 1.795104e-12 0.000000e+00 5.146026e-12 
1.384904e-01 2.092737e-12 0.000000e+00 4.984511e-12 
1.384518e-01 2.368298e-12 0.000000e+00 4.792690e-12 
1.384127e-01 2.619858e-12 0.000000e+00 4.572573e-12 
1.383732e-01 2.845693e-12 0.000000e+00 4.326365e-12 
1.383332e-01 3.044304e-12 0.000000e+00 4.056447e-12 
1.382928e-01 3.214418e-12 0.000000e+00 3.765356e-12 
1.382520e-01 3.355003e-12 0.000000e+00 3.455761e-12 
1.382108e-01 3.465269e-12 0.000000e+00 3.130443e-12 
1.381691e-01 3.544673e-12 0.000000e+00 2.792272e-12 
1.381270e-01 3.592921e-12 0.000000e+00 2.444181e-12 
1.380845e-01 3.609968e-12 0.000000e+00 2.089145e-12 
1.380415e-01 3.596015e-12 0.000000e+00 1.730156e-12 
1.379981e-01 3.551507e-12 0.000000e+00 1.370199e-12 
1.379543e-01 3.477124e-12 0.000000e+00 1.012230e-12 
1.379100e-01 3.373778e-12 0.000000e+00 6.591517e-13 
1.378652e-01 3.242598e-12 0.000000e+00 3.137926e-13 
1.378200e-01 3.084925e-12 0.000000e+00 -2.111530e-14 
1.377744e-01 2.902296e-12 0.000000e+00 -3.429568e-13 
1.377283e-01 2.696429e-12 0.000000e+00 -6.492525e-13 
1.376817e-01 2.469212e-12 0.000000e+00 -9.376772e-13 
1.376347e-01 2.222683e-12 0.000000e+00 -1.206076e-12 
1.375873e-01 1.959015e-12 0.000000e+00 -1.452482e-12 
1.375393e-01 1.680496e-12 0.000000e+00 -1.675124e-12 
1.374910e-01 1.389509e-12 0.000000e+00 -1.872446e-12 
1.374421e-01 1.088516e-12 0.000000e+00 -2.043111e-12 
1.373928e-01 7.800349e-13 0.000000e+00 -2.186014e-12 
1.373431e-01 4.666189e-13 0.000000e+00 -2.300285e-12 
1.372928e-01 1.508376e-13 0.000000e+00 -2.385295e-12 
1.372421e-01 -1.647446e-13 0.000000e+00 -2.440659e-12 
1.371909e-01 -4.775884e-13 0.000000e+00 -2.466234e-12 
1.371393e-01 -7.851999e-13 0.000000e+00 -2.462122e-12 
1.370872e-01 -1.085150e-12 0.000000e+00 -2.428663e-12 
1.370346e-01 -1.375092e-12 0.000000e+00 -2.366433e-12 
1.369815e-01 -1.652783e-12 0.000000e+00 -2.276232e-12 
1.369280e-01 -1.916097e-12 0.000000e+00 -2.159083e-12 
1.368739e-01 -2.163043e-12 0.000000e+00 -2.016213e-12 
1.368194e-01 -2.391778e-12 0.000000e+00 -1.849051e-12 
1.367644e-01 -2.600626e-12 0.000000e+00 -1.659203e-12 
1.367090e-01 -2.788081e-12 0.000000e+00 -1.448450e-12 
1.366530e-01 -2.952827e-12 0.000000e+00 -1.218720e-12 
1.365965e-01 -3.093739e-12 0.000000e+00 -9.720802e-13 
1.365396e-01 -3.209898e-12 0.000000e+00 -7.107148e-13 
1.364821e-01 -3.300591e-12 0.000000e+00 -4.369067e-13 
1.364242e-01 -3.365317e-12 0.000000e+00 -1.530189e-13 
1.363658e-01 -3.403790e-12 0.000000e+00 1.385259e-13 
1.363068e-01 -3.415940e-12 0.000000e+00 4.352650e-13 
1.362474e-01 -3.401910e-12 0.000000e+00 7.347162e-13 
1.361875e-01 -3.362056e-12 0.000000e+00 1.034398e-12 
1.361271e-01 -3.296938e-12 0.000000e+00 1.331850e-12 
1.360661e-01 -3.207319e-12 0.000000e+00 1.624653e-12 
1.360047e-01 -3.094156e-12 0.000000e+00 1.910445e-12 
1.359427e-01 -2.958587e-12 0.000000e+00 2.186947e-12 
1.358803e-01 -2.801927e-12 0.000000e+00 2.451973e-12 
1.358173e-01 -2.625648e-12 0.000000e+00 2.703450e-12 
1.357538e-01 -2.431376e-12 0.000000e+00 2.939438e-12 
1.356898e-01 -2.220866e-12 0.000000e+00 3.158138e-12 
1.356253e-01 -1.995995e-12 0.000000e+00 3.357909e-12 
1.355602e-01 -1.758742e-12 0.000000e+00 3.537279e-12 
1.354947e-01 -1.511172e-12 0.000000e+00 3.694958e-12 
1.354286e-01 -1.255420e-12 0.000000e+00 3.829844e-12 
1.353620e-01 -9.936707e-13 0.000000e+00 3.941031e-12 
1.352949e-01 -7.281415e-13 0.000000e+00 4.027817e-12 
1.352272e-01 -4.610650e-13 0.000000e+00 4.089705e-12 
1.351591e-01 -1.946703e-13 0.000000e+00 4.126410e-12 
1.350904e-01 6.883559e-14 0.000000e+00 4.137852e-12 
1.350211e-01 3.272849e-13 0.000000e+00 4.124163e-12 
1.349513e-01 5.785669e-13 0.000000e+00 4.085682e-12 
1.348810e-01 8.206444e-13 0.000000e+00 4.022946e-12 
1.348102e-01 1.051570e-12 0.000000e+00 3.936691e-12 
1.347388e-01 1.269501e-12 0.000000e+00 3.827840e-12 
1.346669e-01 1.472716e-12 0.000000e+00 3.697494e-12 
1.345944e-01 1.659622e-12 0.000000e+00 3.546924e-12 
1.345214e-01 1.828774e-12 0.000000e+00 3.377559e-12 
1.344479e-01 1.978881e-12 0.000000e+00 3.190970e-12 
1.343738e-01 2.108819e-12 0.000000e+00 2.988861e-12 
1.342991e-01 2.217633e-12 0.000000e+00 2.773049e-12 
1.342239e-01 2.304552e-12 0.000000e+00 2.545451e-12 
1.341482e-01 2.368987e-12 0.000000e+00 2.308068e-12 
1.340719e-01 2.410538e-12 0.000000e+00 2.062967e-12 
1.339950e-01 2.428996e-12 0.000000e+00 1.812262e-12 
1.339176e-01 2.424342e-12 0.000000e+00 1.558101e-12 
1.338396e-01 2.396747e-12 0.000000e+00 1.302641e-12 
1.337611e-01 2.346570e-12 0.000000e+00 1.048038e-12 
1.336820e-01 2.274351e-12 0.000000e+00 7.964235e-13 
1.336024e-01 2.180812e-12 0.000000e+00 5.498892e-13 
1.335221e-01 2.066839e-12 0.000000e+00 3.104707e-13 
1.334414e-01 1.933485e-12 0.000000e+00 8.013028e-14 
1.333600e-01 1.781954e-12 0.000000e+00 -1.392585e-13 
1.332781e-01 1.613591e-12 0.000000e+00 -3.459256e-13 
1.331956e-01 1.429872e-12 0.000000e+00 -5.382182e-13 
1.331125e-01 1.232388e-12 0.000000e+00 -7.146138e-13 
1.330289e-01 1.022836e-12 0.000000e+00 -8.737314e-13 
1.329447e-01 8.029985e-13 0.000000e+00 -1.014342e-12 
1.328599e-01 5.747336e-13 0.000000e+00 -1.135379e-12 
1.327745e-01 3.399565e-13 0.000000e+00 -1.235944e-12 
1.326886e-01 1.006243e-13 0.000000e+00 -1.315312e-12 
1.326020e-01 -1.412805e-13 0.000000e+00 -1.372941e-12 
1.325149e-01 -3.837661e-13 0.000000e+00 -1.408471e-12 
1.324272e-01 -6.248480e-13 0.000000e+00 -1.421726e-12 
1.323389e-01 -8.625652e-13 0.000000e+00 -1.412717e-12 
1.322500e-01 -1.094996e-12 0.000000e+00 -1.381637e-12 
1.321606e-01 -1.320273e-12 0.000000e+00 -1.328862e-12 
1.320705e-01 -1.536598e-12 0.000000e+00 -1.254944e-12 
1.319798e-01 -1.742260e-12 0.000000e+00 -1.160606e-12 
1.318886e-01 -1.935643e-12 0.000000e+00 -1.046734e-12 
1.317967e-01 -2.115240e-12 0.000000e+00 -9.143728e-13 
1.317043e-01 -2.279668e-12 0.000000e+00 -7.647107e-13 
1.316112e-01 -2.427676e-12 0.000000e+00 -5.990727e-13 
1.315176e-01 -2.558155e-12 0.000000e+00 -4.189070e-13 
1.314233e-01 -2.670147e-12 0.000000e+00 -2.257731e-13 
1.313285e-01 -2.762848e-12 0.000000e+00 -2.132800e-14 
1.312330e-01 -2.835620e-12 0.000000e+00 1.926881e-13 
1.311370e-01 -2.887990e-12 0.000000e+00 4.144664e-13 
1.310403e-01 -2.919658e-12 0.000000e+00 6.421450e-13 
1.309430e-01 -2.930491e-12 0.000000e+00 8.738245e-13 
1.308451e-01 -2.920530e-12 0.000000e+00 1.107584e-12 
1.307466e-01 -2.889987e-12 0.000000e+00 1.341495e-12 
1.306474e-01 -2.839240e-12 0.000000e+00 1.573643e-12 
1.305477e-01 -2.768830e-12 0.000000e+00 1.802134e-12 
1.304473e-01 -2.679459e-12 0.000000e+00 2.025120e-12 
1.303463e-01 -2.571976e-12 0.000000e+00 2.240805e-12 
1.302447e-01 -2.447378e-12 0.000000e+00 2.447466e-12 
1.301425e-01 -2.306794e-12 0.000000e+00 2.643463e-12 
1.300396e-01 -2.151479e-12 0.000000e+00 2.827253e-12 
1.299362e-01 -1.982802e-12 0.000000e+00 2.997401e-12 
1.298320e-01 -1.802232e-12 0.000000e+00 3.152595e-12 
1.297273e-01 -1.611330e-12 0.000000e+00 3.291651e-12 
1.296219e-01 -1.411733e-12 0.000000e+00 3.413523e-12 
1.295159e-01 -1.205139e-12 0.000000e+00 3.517316e-12 
1.294093e-01 -9.932963e-13 0.000000e+00 3.602283e-12 
1.293020e-01 -7.779850e-13 0.000000e+00 3.667839e-12 
1.291941e-01 -5.610061e-13 0.000000e+00 3.713560e-12 
1.290856e-01 -3.441644e-13 0.000000e+00 3.739188e-12 
1.289764e-01 -1.292546e-13 0.000000e+00 3.744629e-12 
1.288665e-01 8.195331e-14 0.000000e+00 3.729956e-12 
1.287561e-01 2.877285e-13 0.000000e+00 3.695407e-12 
1.286449e-01 4.863926e-13 0.000000e+00 3.641380e-12 
1.285332e-01 6.763339e-13 0.000000e+00 3.568430e-12 
1.284208e-01 8.560191e-13 0.000000e+00 3.477264e-12 
1.283077e-01 1.024006e-12 0.000000e+00 3.368735e-12 
1.281940e-01 1.178954e-12 0.000000e+00 3.243832e-12 
1.280796e-01 1.319636e-12 0.000000e+00 3.103673e-12 
1.279646e-01 1.444945e-12 0.000000e+00 2.949494e-12 
1.278489e-01 1.553906e-12 0.000000e+00 2.782641e-12 
1.277326e-01 1.645678e-12 0.000000e+00 2.604553e-12 
1.276156e-01 1.719567e-12 0.000000e+00 2.416756e-12 
1.274980e-01 1.775025e-12 0.000000e+00 2.220846e-12 
1.273797e-01 1.811656e-12 0.000000e+00 2.018476e-12 
1.272607e-01 1.829218e-12 0.000000e+00 1.811346e-12 
1.271410e-01 1.827624e-12 0.000000e+00 1.601183e-12 
1.270207e-01 1.806943e-12 0.000000e+00 1.389731e-12 
1.268998e-01 1.767397e-12 0.000000e+00 1.178736e-12 
1.267781e-01 1.709359e-12 0.000000e+00 9.699331e-13 
1.266558e-01 1.633350e-12 0.000000e+00 7.650281e-13 
1.265329e-01 1.540033e-12 0.000000e+00 5.656889e-13 
1.264092e-01 1.430207e-12 0.000000e+00 3.735293e-13 
1.262849e-01 1.304800e-12 0.000000e+00 1.900975e-13 
1.261599e-01 1.164862e-12 0.000000e+00 1.686348e-14 
1.260342e-01 1.011554e-12 0.000000e+00 -1.447922e-13 
1.259079e-01 8.461391e-13 0.000000e+00 -2.935892e-13 
1.257808e-01 6.699719e-13 0.000000e+00 -4.283571e-13 
1.256531e-01 4.844871e-13 0.000000e+00 -5.480441e-13 
1.255247e-01 2.911875e-13 0.000000e+00 -6.517249e-13 
1.253956e-01 9.163151e-14 0.000000e+00 -7.386076e-13 
1.252659e-01 -1.125793e-13 0.000000e+00 -8.080390e-13 
1.251354e-01 -3.198135e-13 0.000000e+00 -8.595094e-13 
1.250042e-01 -5.284227e-13 0.000000e+00 -8.926557e-13 
1.248724e-01 -7.367552e-13 0.000000e+00 -9.072636e-13 
1.247399e-01 -9.431687e-13 0.000000e+00 -9.032685e-13 
1.246067e-01 -1.146044e-12 0.000000e+00 -8.807553e-13 
1.244728e-01 -1.343796e-12 0.000000e+00 -8.399565e-13 
1.243381e-01 -1.534889e-12 0.000000e+00 -7.812502e-13 
1.242028e-01 -1.717847e-12 0.000000e+00 -7.051558e-13 
1.240668e-01 -1.891265e-12 0.000000e+00 -6.123290e-13 
1.239301e-01 -2.053818e-12 0.000000e+00 -5.035565e-13 
1.237927e-01 -2.204276e-12 0.000000e+00 -3.797483e-13 
1.236546e-01 -2.341510e-12 0.000000e+00 -2.419302e-13 
1.235158e-01 -2.464499e-12 0.000000e+00 -9.123485e-14 
1.233763e-01 -2.572340e-12 0.000000e+00 7.110774e-14 
1.232360e-01 -2.664255e-12 0.000000e+00 2.437805e-13 
1.230951e-01 -2.739594e-12 0.000000e+00 4.253902e-13 
1.229535e-01 -2.797841e-12 0.000000e+00 6.144790e-13 
1.228111e-01 -2.838618e-12 0.000000e+00 8.095363e-13 
1.226680e-01 -2.861685e-12 0.000000e+00 1.009011e-12 
1.225243e-01 -2.866944e-12 0.000000e+00 1.211323e-12 
1.223798e-01 -2.854437e-12 0.000000e+00 1.414879e-12 
1.222346e-01 -2.824346e-12 0.000000e+00 1.618080e-12 
1.220886e-01 -2.776990e-12 0.000000e+00 1.819340e-12 
1.219420e-01 -2.712822e-12 0.000000e+00 2.017092e-12 
1.217946e-01 -2.632425e-12 0.000000e+00 2.209806e-12 
1.216465e-01 -2.536509e-12 0.000000e+00 2.395998e-12 
1.214977e-01 -2.425899e-12 0.000000e+00 2.574240e-12 
1.213481e-01 -2.301533e-12 0.000000e+00 2.743175e-12 
1.211979e-01 -2.164455e-12 0.000000e+00 2.901524e-12 
1.210469e-01 -2.015800e-12 0.000000e+00 3.048095e-12 
1.208952e-01 -1.856792e-12 0.000000e+00 3.181797e-12 
1.207427e-01 -1.688727e-12 0.000000e+00 3.301640e-12 
1.205895e-01 -1.512970e-12 0.000000e+00 3.406751e-12 
1.204356e-01 -1.330937e-12 0.000000e+00 3.496373e-12 
1.202809e-01 -1.144090e-12 0.000000e+00 3.569873e-12 
1.201256e-01 -9.539196e-13 0.000000e+00 3.626749e-12 
1.199694e-01 -7.619377e-13 0.000000e+00 3.666628e-12 
1.198126e-01 -5.696634e-13 0.000000e+00 3.689271e-12 
1.196550e-01 -3.786122e-13 0.000000e+00 3.694575e-12 
1.194966e-01 -1.902838e-13 0.000000e+00 3.682572e-12 
1.193375e-01 -6.150884e-15 0.000000e+00 3.653428e-12 
1.191777e-01 1.723524e-13 0.000000e+00 3.607440e-12 
1.190171e-01 3.438408e-13 0.000000e+00 3.545036e-12 
1.188558e-01 5.069888e-13 0.000000e+00 3.466767e-12 
1.186937e-01 6.605405e-13 0.000000e+00 3.373306e-12 
1.185309e-01 8.033185e-13 0.000000e+00 3.265439e-12 
1.183674e-01 9.342329e-13 0.000000e+00 3.144060e-12 
1.182030e-01 1.052289e-12 0.000000e+00 3.010165e-12 
1.180380e-01 1.156595e-12 0.000000e+00 2.864839e-12 
1.178722e-01 1.246367e-12 0.000000e+00 2.709252e-12 
1.177056e-01 1.320935e-12 0.000000e+00 2.544649e-12 
1.175382e-01 1.379749e-12 0.000000e+00 2.372337e-12 
1.173701e-01 1.422381e-12 0.000000e+00 2.193676e-12 
1.172013e-01 1.448527e-12 0.000000e+00 2.010072e-12 
1.170317e-01 1.458009e-12 0.000000e+00 1.822960e-12 
1.168613e-01 1.450777e-12 0.000000e+00 1.633796e-12 
1.166902e-01 1.426909e-12 0.000000e+00 1.444048e-12 
1.165183e-01 1.386608e-12 0.000000e+00 1.255180e-12 
1.163456e-01 1.330198e-12 0.000000e+00 1.068645e-12 
1.161722e-01 1.258128e-12 0.000000e+00 8.858695e-13 
1.159980e-01 1.170959e-12 0.000000e+00 7.082493e-13 
1.158230e-01 1.069367e-12 0.000000e+00 5.371332e-13 
1.156473e-01 9.541309e-13 0.000000e+00 3.738157e-13 
1.154707e-01 8.261313e-13 0.000000e+00 2.195272e-13 
1.152935e-01 6.863402e-13 0.000000e+00 7.542503e-14 
1.151154e-01 5.358142e-13 0.000000e+00 -5.741518e-14 
1.149366e-01 3.756861e-13 0.000000e+00 -1.780068e-13 
1.147570e-01 2.071561e-13 0.000000e+00 -2.854593e-13 
1.145766e-01 3.148213e-14 0.000000e+00 -3.789845e-13 
1.143954e-01 -1.500294e-13 0.000000e+00 -4.579016e-13 
1.142135e-01 -3.360338e-13 0.000000e+00 -5.216423e-13 
1.140307e-01 -5.251585e-13 0.000000e+00 -5.697538e-13 
1.138472e-01 -7.160131e-13 0.000000e+00 -6.019019e-13 
1.136629e-01 -9.072001e-13 0.000000e+00 -6.178730e-13 
1.134778e-01 -1.097325e-12 0.000000e+00 -6.175747e-13 
1.132920e-01 -1.285007e-12 0.000000e+00 -6.010359e-13 
1.131053e-01 -1.468888e-12 0.000000e+00 -5.684062e-13 
1.129179e-01 -1.647645e-12 0.000000e+00 -5.199538e-13 
1.127296e-01 -1.819997e-12 0.000000e+00 -4.560632e-13 
1.125406e-01 -1.984716e-12 0.000000e+00 -3.772315e-13 
1.123508e-01 -2.140634e-12 0.000000e+00 -2.840640e-13 
1.121602e-01 -2.286655e-12 0.000000e+00 -1.772694e-13 
1.119688e-01 -2.421755e-12 0.000000e+00 -5.765411e-14 
1.117766e-01 -2.545001e-12 0.000000e+00 7.388468e-14 
1.115836e-01 -2.655544e-12 0.000000e+00 2.163657e-13 
1.113898e-01 -2.752635e-12 0.000000e+00 3.687314e-13 
1.111952e-01 -2.835626e-12 0.000000e+00 5.298562e-13 
1.109998e-01 -2.903974e-12 0.000000e+00 6.985548e-13 
1.108035e-01 -2.957243e-12 0.000000e+00 8.735916e-13 
1.106065e-01 -2.995111e-12 0.000000e+00 1.053690e-12 
1.104087e-01 -3.017368e-12 0.000000e+00 1.237541e-12 
1.102101e-01 -3.023917e-12 0.000000e+00 1.423814e-12 
1.100107e-01 -3.014777e-12 0.000000e+00 1.611167e-12 
1.098105e-01 -2.990079e-12 0.000000e+00 1.798255e-12 
1.096094e-01 -2.950067e-12 0.000000e+00 1.983741e-12 
1.094076e-01 -2.895092e-12 0.000000e+00 2.166303e-12 
1.092049e-01 -2.825613e-12 0.000000e+00 2.344647e-12 
1.090014e-01 -2.742192e-12 0.000000e+00 2.517517e-12 
1.087971e-01 -2.645487e-12 0.000000e+00 2.683698e-12 
1.085920e-01 -2.536250e-12 0.000000e+00 2.842029e-12 
1.083861e-01 -2.415319e-12 0.000000e+00 2.991412e-12 
1.081794e-01 -2.283611e-12 0.000000e+00 3.130815e-12 
1.079718e-01 -2.142119e-12 0.000000e+00 3.259284e-12 
1.077635e-01 -1.991898e-12 0.000000e+00 3.375946e-12 
1.075543e-01 -1.834063e-12 0.000000e+00 3.480015e-12 
1.073443e-01 -1.669778e-12 0.000000e+00 3.570801e-12 
1.071334e-01 -1.500250e-12 0.000000e+00 3.647708e-12 
1.069218e-01 -1.326713e-12 0.000000e+00 3.710242e-12 
1.067093e-01 -1.150430e-12 0.000000e+00 3.758015e-12 
1.064960e-01 -9.726746e-13 0.000000e+00 3.790743e-12 
1.062818e-01 -7.947267e-13 0.000000e+00 3.808250e-12 
1.060668e-01 -6.178622e-13 0.000000e+00 3.810468e-12 
1.058510e-01 -4.433441e-13 0.000000e+00 3.797439e-12 
1.056344e-01 -2.724137e-13 0.000000e+00 3.769309e-12 
1.054169e-01 -1.062822e-13 0.000000e+00 3.726332e-12 
1.051987e-01 5.387802e-14 0.000000e+00 3.668863e-12 
1.049795e-01 2.069409e-13 0.000000e+00 3.597360e-12 
1.047596e-01 3.518347e-13 0.000000e+00 3.512374e-12 
1.045388e-01 4.875487e-13 0.000000e+00 3.414550e-12 
1.043171e-01 6.131403e-13 0.000000e+00 3.304619e-12 
1.040946e-01 7.277411e-13 0.000000e+00 3.183392e-12 
1.038713e-01 8.305623e-13 0.000000e+00 3.051757e-12 
1.036472e-01 9.208997e-13 0.000000e+00 2.910669e-12 
1.034222e-01 9.981383e-13 0.000000e+00 2.761146e-12 
1.031963e-01 1.061756e-12 0.000000e+00 2.604257e-12 
1.029697e-01 1.111326e-12 0.000000e+00 2.441120e-12 
1.027421e-01 1.146521e-12 0.000000e+00 2.272891e-12 
1.025137e-01 1.167111e-12 0.000000e+00 2.100754e-12 
1.022845e-01 1.172970e-12 0.000000e+00 1.925917e-12 
1.020545e-01 1.164071e-12 0.000000e+00 1.749599e-12 
1.018235e-01 1.140488e-12 0.000000e+00 1.573026e-12 
1.015918e-01 1.102396e-12 0.000000e+00 1.397420e-12 
1.013591e-01 1.050065e-12 0.000000e+00 1.223990e-12 
1.011257e-01 9.838637e-13 0.000000e+00 1.053925e-12 
1.008913e-01 9.042500e-13 0.000000e+00 8.883871e-13 
1.006562e-01 8.117722e-13 0.000000e+00 7.285010e-13 
1.004201e-01 7.070624e-13 0.000000e+00 5.753493e-13 
1.001832e-01 5.908323e-13 0.000000e+00 4.299638e-13 
9.994548e-02 4.638678e-13 0.000000e+00 2.933192e-13 
9.970687e-02 3.270235e-13 0.000000e+00 1.663272e-13 
9.946740e-02 1.812160e-13 0.000000e+00 4.983042e-14 
9.922707e-02 2.741806e-14 0.000000e+00 -5.540292e-14 
9.898588e-02 -1.333490e-13 0.000000e+00 -1.486834e-13 
9.874383e-02 -3.000217e-13 0.000000e+00 -2.294048e-13 
9.850091e-02 -4.715025e-13 0.000000e+00 -2.970475e-13 
9.825713e-02 -6.466667e-13 0.000000e+00 -3.511813e-13 
9.801248e-02 -8.243704e-13 0.000000e+00 -3.914680e-13 
9.776696e-02 -1.003458e-12 0.000000e+00 -4.176629e-13 
9.752058e-02 -1.182771e-12 0.000000e+00 -4.296159e-13 
9.727333e-02 -1.361154e-12 0.000000e+00 -4.272717e-13 
9.702521e-02 -1.537462e-12 0.000000e+00 -4.106698e-13 
9.677622e-02 -1.710572e-12 0.000000e+00 -3.799437e-13 
9.652635e-02 -1.879385e-12 0.000000e+00 -3.353188e-13 
9.627561e-02 -2.042834e-12 0.000000e+00 -2.771113e-13 
9.602400e-02 -2.199897e-12 0.000000e+00 -2.057244e-13 
9.577152e-02 -2.349592e-12 0.000000e+00 -1.216462e-13 
9.551815e-02 -2.490996e-12 0.000000e+00 -2.544512e-14 
9.526392e-02 -2.623239e-12 0.000000e+00 8.223413e-14 
9.500880e-02 -2.745517e-12 0.000000e+00 2.006751e-13 
9.475280e-02 -2.857096e-12 0.000000e+00 3.290948e-13 
9.449593e-02 -2.957311e-12 0.000000e+00 4.666495e-13 
9.423817e-02 -3.045577e-12 0.000000e+00 6.124403e-13 
9.397953e-02 -3.121385e-12 0.000000e+00 7.655194e-13 
9.372001e-02 -3.184312e-12 0.000000e+00 9.248968e-13 
9.345961e-02 -3.234018e-12 0.000000e+00 1.089547e-12 
9.319832e-02 -3.270249e-12 0.000000e+00 1.258414e-12 
9.293615e-02 -3.292840e-12 0.000000e+00 1.430424e-12 
9.267309e-02 -3.301711e-12 0.000000e+00 1.604483e-12 
9.240914e-02 -3.296872e-12 0.000000e+00 1.779494e-12 
9.214430e-02 -3.278418e-12 0.000000e+00 1.954357e-12 
9.187857e-02 -3.246533e-12 0.000000e+00 2.127979e-12 
9.161196e-02 -3.201482e-12 0.000000e+00 2.299280e-12 
9.134445e-02 -3.143612e-12 0.000000e+00 2.467201e-12 
9.107605e-02 -3.073350e-12 0.000000e+00 2.630710e-12 
9.080675e-02 -2.991198e-12 0.000000e+00 2.788806e-12 
9.053656e-02 -2.897731e-12 0.000000e+00 2.940529e-12 
9.026548e-02 -2.793591e-12 0.000000e+00 3.084964e-12 
8.999350e-02 -2.679483e-12 0.000000e+00 3.221246e-12 
8.972063e-02 -2.556171e-12 0.000000e+00 3.348565e-12 
8.944685e-02 -2.424471e-12 0.000000e+00 3.466173e-12 
8.917218e-02 -2.285250e-12 0.000000e+00 3.573383e-12 
8.889660e-02 -2.139414e-12 0.000000e+00 3.669581e-12 
8.862013e-02 -1.987906e-12 0.000000e+00 3.754221e-12 
8.834276e-02 -1.831698e-12 0.000000e+00 3.826832e-12 
8.806448e-02 -1.671788e-12 0.000000e+00 3.887022e-12 
8.778530e-02 -1.509190e-12 0.000000e+00 3.934474e-12 
8.750521e-02 -1.344927e-12 0.000000e+00 3.968955e-12 
8.722422e-02 -1.180031e-12 0.000000e+00 3.990311e-12 
8.694232e-02 -1.015528e-12 0.000000e+00 3.998469e-12 
8.665952e-02 -8.524385e-13 0.000000e+00 3.993438e-12 
8.637581e-02 -6.917676e-13 0.000000e+00 3.975308e-12 
8.609118e-02 -5.345005e-13 0.000000e+00 3.944245e-12 
8.580565e-02 -3.815964e-13 0.000000e+00 3.900497e-12 
8.551921e-02 -2.339824e-13 0.000000e+00 3.844385e-12 
8.523186e-02 -9.254867e-14 0.000000e+00 3.776304e-12 
8.494359e-02 4.185682e-14 0.000000e+00 3.696719e-12 
8.465441e-02 1.684332e-13 0.000000e+00 3.606160e-12 
8.436432e-02 2.864311e-13 0.000000e+00 3.505221e-12 
8.407331e-02 3.951567e-13 0.000000e+00 3.394557e-12 
8.378138e-02 4.939754e-13 0.000000e+00 3.274875e-12 
8.348854e-02 5.823154e-13 0.000000e+00 3.146931e-12 
8.319478e-02 6.596703e-13 0.000000e+00 3.011528e-12 
8.290011e-02 7.256018e-13 0.000000e+00 2.869508e-12 
8.260451e-02 7.797417e-13 0.000000e+00 2.721747e-12 
8.230799e-02 8.217934e-13 0.000000e+00 2.569148e-12 
8.201055e-02 8.515333e-13 0.000000e+00 2.412642e-12 
8.171219e-02 8.688113e-13 0.000000e+00 2.253172e-12 
8.141290e-02 8.735510e-13 0.000000e+00 2.091695e-12 
8.111270e-02 8.657501e-13 0.000000e+00 1.929176e-12 
8.081156e-02 8.454789e-13 0.000000e+00 1.766577e-12 
8.050950e-02 8.128800e-13 0.000000e+00 1.604855e-12 
8.020652e-02 7.681666e-13 0.000000e+00 1.444959e-12 
7.990261e-02 7.116206e-13 0.000000e+00 1.287817e-12 
7.959777e-02 6.435903e-13 0.000000e+00 1.134338e-12 
7.929200e-02 5.644880e-13 0.000000e+00 9.854041e-13 
7.898530e-02 4.747870e-13 0.000000e+00 8.418647e-13 
7.867767e-02 3.750182e-13 0.000000e+00 7.045329e-13 
7.836911e-02 2.657665e-13 0.000000e+00 5.741811e-13 
7.805962e-02 1.476674e-13 0.000000e+00 4.515366e-13 
7.774919e-02 2.140208e-14 0.000000e+00 3.372780e-13 
7.743783e-02 -1.123060e-13 0.000000e+00 2.320315e-13 
7.712554e-02 -2.526965e-13 0.000000e+00 1.363680e-13 
7.681231e-02 -3.989760e-13 0.000000e+00 5.080014e-14 
7.649814e-02 -5.503236e-13 0.000000e+00 -2.421987e-14 
7.618303e-02 -7.058954e-13 0.000000e+00 -8.830258e-14 
7.586699e-02 -8.648296e-13 0.000000e+00 -1.411228e-13 
7.555001e-02 -1.026251e-12 0.000000e+00 -1.824207e-13 
7.523209e-02 -1.189279e-12 0.000000e+00 -2.120030e-13 
7.491323e-02 -1.353026e-12 0.000000e+00 -2.297433e-13 
7.459343e-02 -1.516611e-12 0.000000e+00 -2.355820e-13 
7.427268e-02 -1.679156e-12 0.000000e+00 -2.295262e-13 
7.395100e-02 -1.839800e-12 0.000000e+00 -2.116491e-13 
7.362837e-02 -1.997693e-12 0.000000e+00 -1.820887e-13 
7.330479e-02 -2.152012e-12 0.000000e+00 -1.410467e-13 
7.298027e-02 -2.301954e-12 0.000000e+00 -8.878648e-14 
7.265481e-02 -2.446751e-12 0.000000e+00 -2.563124e-14 
7.232839e-02 -2.585665e-12 0.000000e+00 4.803845e-14 
7.200103e-02 -2.717997e-12 0.000000e+00 1.317873e-13 
7.167272e-02 -2.843089e-12 0.000000e+00 2.251283e-13 
7.134346e-02 -2.960326e-12 0.000000e+00 3.275258e-13 
7.101326e-02 -3.069142e-12 0.000000e+00 4.383990e-13 
7.068210e-02 -3.169020e-12 0.000000e+00 5.571258e-13 
7.034999e-02 -3.259494e-12 0.000000e+00 6.830461e-13 
7.001692e-02 -3.340152e-12 0.000000e+00 8.154663e-13 
6.968291e-02 -3.410639e-12 0.000000e+00 9.536632e-13 
6.934794e-02 -3.470657e-12 0.000000e+00 1.096888e-12 
6.901201e-02 -3.519963e-12 0.000000e+00 1.244372e-12 
6.867514e-02 -3.558377e-12 0.000000e+00 1.395328e-12 
6.833730e-02 -3.585774e-12 0.000000e+00 1.548958e-12 
6.799851e-02 -3.602091e-12 0.000000e+00 1.704455e-12 
6.765876e-02 -3.607322e-12 0.000000e+00 1.861010e-12 
6.731805e-02 -3.601520e-12 0.000000e+00 2.017814e-12 
6.697638e-02 -3.584794e-12 0.000000e+00 2.174063e-12 
6.663376e-02 -3.557312e-12 0.000000e+00 2.328964e-12 
6.629017e-02 -3.519291e-12 0.000000e+00 2.481735e-12 
6.594562e-02 -3.471007e-12 0.000000e+00 2.631614e-12 
6.560011e-02 -3.412782e-12 0.000000e+00 2.777859e-12 
6.525363e-02 -3.344988e-12 0.000000e+00 2.919754e-12 
6.490620e-02 -3.268044e-12 0.000000e+00 3.056610e-12 
6.455779e-02 -3.182410e-12 0.000000e+00 3.187772e-12 
6.420843e-02 -3.088588e-12 0.000000e+00 3.312617e-12 
6.385809e-02 -2.987116e-12 0.000000e+00 3.430562e-12 
6.350680e-02 -2.878566e-12 0.000000e+00 3.541064e-12 
6.315453e-02 -2.763543e-12 0.000000e+00 3.643622e-12 
6.280130e-02 -2.642676e-12 0.000000e+00 3.737780e-12 
6.244709e-02 -2.516618e-12 0.000000e+00 3.823127e-12 
6.209192e-02 -2.386045e-12 0.000000e+00 3.899304e-12 
6.173578e-02 -2.251646e-12 0.000000e+00 3.965996e-12 
6.137867e-02 -2.114123e-12 0.000000e+00 4.022944e-12 
6.102058e-02 -1.974188e-12 0.000000e+00 4.069935e-12 
6.066152e-02 -1.832558e-12 0.000000e+00 4.106810e-12 
6.030149e-02 -1.689950e-12 0.000000e+00 4.133463e-12 
5.994049e-02 -1.547081e-12 0.000000e+00 4.149836e-12 
5.957851e-02 -1.404660e-12 0.000000e+00 4.155925e-12 
5.921556e-02 -1.263389e-12 0.000000e+00 4.151776e-12 
5.885163e-02 -1.123955e-12 0.000000e+00 4.137483e-12 
5.848673e-02 -9.870313e-13 0.000000e+00 4.113191e-12 
5.812085e-02 -8.532706e-13 0.000000e+00 4.079091e-12 
5.775399e-02 -7.233044e-13 0.000000e+00 4.035419e-12 
5.738615e-02 -5.977393e-13 0.000000e+00 3.982456e-12 
5.701733e-02 -4.771543e-13 0.000000e+00 3.920525e-12 
5.664754e-02 -3.620986e-13 0.000000e+00 3.849987e-12 
5.627676e-02 -2.530892e-13 0.000000e+00 3.771242e-12 
5.590500e-02 -1.506088e-13 0.000000e+00 3.684724e-12 
5.553226e-02 -5.510394e-14 0.000000e+00 3.590901e-12 
5.515853e-02 3.301658e-14 0.000000e+00 3.490267e-12 
5.478383e-02 1.133832e-13 0.000000e+00 3.383347e-12 
5.440814e-02 1.856668e-13 0.000000e+00 3.270687e-12 
5.403146e-02 2.495798e-13 0.000000e+00 3.152855e-12 
5.365380e-02 3.048767e-13 0.000000e+00 3.030436e-12 
5.327516e-02 3.513549e-13 0.000000e+00 2.904030e-12 
5.289552e-02 3.888547e-13 0.000000e+00 2.774249e-12 
5.251490e-02 4.172599e-13 0.000000e+00 2.641714e-12 
5.213330e-02 4.364972e-13 0.000000e+00 2.507050e-12 
5.175070e-02 4.465362e-13 0.000000e+00 2.370885e-12 
5.136711e-02 4.473888e-13 0.000000e+00 2.233847e-12 
5.098254e-02 4.391084e-13 0.000000e+00 2.096558e-12 
5.059697e-02 4.217891e-13 0.000000e+00 1.959638e-12 
5.021042e-02 3.955647e-13 0.000000e+00 1.823692e-12 
4.982287e-02 3.606073e-13 0.000000e+00 1.689319e-12 
4.943433e-02 3.171259e-13 0.000000e+00 1.557097e-12 
4.904479e-02 2.653650e-13 0.000000e+00 1.427592e-12 
4.865426e-02 2.056025e-13 0.000000e+00 1.301349e-12 
4.826274e-02 1.381486e-13 0.000000e+00 1.178890e-12 
4.787022e-02 6.334285e-14 0.000000e+00 1.060714e-12 
4.747671e-02 -1.844691e-14 0.000000e+00 9.472945e-13 
4.708220e-02 -1.068273e-13 0.000000e+00 8.390780e-13 
4.668669e-02 -2.013816e-13 0.000000e+00 7.364811e-13 
4.629019e-02 -3.016716e-13 0.000000e+00 6.398901e-13 
4.589269e-02 -4.072404e-13 0.000000e+00 5.496598e-13 
4.549419e-02 -5.176148e-13 0.000000e+00 4.661120e-13 
4.509469e-02 -6.323073e-13 0.000000e+00 3.895347e-13 
4.469419e-02 -7.508189e-13 0.000000e+00 3.201815e-13 
4.429269e-02 -8.726412e-13 0.000000e+00 2.582710e-13 
4.389018e-02 -9.972594e-13 0.000000e+00 2.039864e-13 
4.348668e-02 -1.124154e-12 0.000000e+00 1.574752e-13 
4.308217e-02 -1.252804e-12 0.000000e+00 1.188493e-13 
4.267666e-02 -1.382688e-12 0.000000e+00 8.818498e-14 
4.227015e-02 -1.513287e-12 0.000000e+00 6.552331e-14 
4.186263e-02 -1.644089e-12 0.000000e+00 5.087056e-14 
4.145411e-02 -1.774586e-12 0.000000e+00 4.419874e-14 
4.104458e-02 -1.904280e-12 0.000000e+00 4.544638e-14 
4.063405e-02 -2.032686e-12 0.000000e+00 5.451941e-14 
4.022251e-02 -2.159330e-12 0.000000e+00 7.129207e-14 
3.980996e-02 -2.283753e-12 0.000000e+00 9.560815e-14 
3.939641e-02 -2.405511e-12 0.000000e+00 1.272821e-13 
3.898184e-02 -2.524181e-12 0.000000e+00 1.661005e-13 
3.856627e-02 -2.639356e-12 0.000000e+00 2.118234e-13 
3.814969e-02 -2.750654e-12 0.000000e+00 2.641857e-13 
3.773210e-02 -2.857709e-12 0.000000e+00 3.228991e-13 
3.731349e-02 -2.960183e-12 0.000000e+00 3.876533e-13 
3.689388e-02 -3.057761e-12 0.000000e+00 4.581183e-13 
3.647325e-02 -3.150149e-12 0.000000e+00 5.339455e-13 
3.605161e-02 -3.237084e-12 0.000000e+00 6.147698e-13 
3.562896e-02 -3.318324e-12 0.000000e+00 7.002117e-13 
3.520529e-02 -3.393657e-12 0.000000e+00 7.898787e-13 
3.478061e-02 -3.462895e-12 0.000000e+00 8.833674e-13 
3.435492e-02 -3.525879e-12 0.000000e+00 9.802651e-13 
3.392821e-02 -3.582475e-12 0.000000e+00 1.080152e-12 
3.350048e-02 -3.632577e-12 0.000000e+00 1.182603e-12 
3.307174e-02 -3.676107e-12 0.000000e+00 1.287190e-12 
3.264198e-02 -3.713009e-12 0.000000e+00 1.393481e-12 
3.221120e-02 -3.743257e-12 0.000000e+00 1.501045e-12 
3.177940e-02 -3.766850e-12 0.000000e+00 1.609454e-12 
3.134659e-02 -3.783809e-12 0.000000e+00 1.718282e-12 
3.091276e-02 -3.794182e-12 0.000000e+00 1.827107e-12 
3.047790e-02 -3.798039e-12 0.000000e+00 1.935514e-12 
3.004203e-02 -3.795473e-12 0.000000e+00 2.043096e-12 
2.960513e-02 -3.786599e-12 0.000000e+00 2.149455e-12 
2.916722e-02 -3.771550e-12 0.000000e+00 2.254204e-12 
2.872828e-02 -3.750482e-12 0.000000e+00 2.356966e-12 
2.828832e-02 -3.723567e-12 0.000000e+00 2.457378e-12 
2.784733e-02 -3.690994e-12 0.000000e+00 2.555090e-12 
2.740533e-02 -3.652970e-12 0.000000e+00 2.649768e-12 
2.696229e-02 -3.609714e-12 0.000000e+00 2.741093e-12 
2.651824e-02 -3.561460e-12 0.000000e+00 2.828761e-12 
2.607316e-02 -3.508455e-12 0.000000e+00 2.912487e-12 
2.562705e-02 -3.450954e-12 0.000000e+00 2.992003e-12 
2.517992e-02 -3.389224e-12 0.000000e+00 3.067058e-12 
2.473175e-02 -3.323539e-12 0.000000e+00 3.137421e-12 
2.428257e-02 -3.254179e-12 0.000000e+00 3.202878e-12 
2.383235e-02 -3.181432e-12 0.000000e+00 3.263237e-12 
2.338111e-02 -3.105588e-12 0.000000e+00 3.318322e-12 
2.292883e-02 -3.026939e-12 0.000000e+00 3.367978e-12 
2.247553e-02 -2.945782e-12 0.000000e+00 3.412069e-12 
2.202120e-02 -2.862411e-12 0.000000e+00 3.450477e-12 
2.156584e-02 -2.777121e-12 0.000000e+00 3.483104e-12 
2.110944e-02 -2.690204e-12 0.000000e+00 3.509871e-12 
2.065202e-02 -2.601949e-12 0.000000e+00 3.530715e-12 
2.019356e-02 -2.512642e-12 0.000000e+00 3.545594e-12 
1.973407e-02 -2.422561e-12 0.000000e+00 3.554481e-12 
1.927355e-02 -2.331980e-12 0.000000e+00 3.557367e-12 
1.881199e-02 -2.241165e-12 0.000000e+00 3.554259e-12 
1.834940e-02 -2.150374e-12 0.000000e+00 3.545182e-12 
1.788577e-02 -2.059855e-12 0.000000e+00 3.530172e-12 
1.742111e-02 -1.969846e-12 0.000000e+00 3.509282e-12 
1.695542e-02 -1.880577e-12 0.000000e+00 3.482581e-12 
1.648869e-02 -1.792263e-12 0.000000e+00 3.450146e-12 
1.602092e-02 -1.705110e-12 0.000000e+00 3.412070e-12 
1.555212e-02 -1.619311e-12 0.000000e+00 3.368457e-12 
1.508227e-02 -1.535045e-12 0.000000e+00 3.319421e-12 
1.461139e-02 -1.452478e-12 0.000000e+00 3.265086e-12 
1.413947e-02 -1.371763e-12 0.000000e+00 3.205586e-12 
1.366652e-02 -1.293038e-12 0.000000e+00 3.141063e-12 
1.319252e-02 -1.216426e-12 0.000000e+00 3.071666e-12 
1.271748e-02 -1.142036e-12 0.000000e+00 2.997552e-12 
1.224141e-02 -1.069964e-12 0.000000e+00 2.918883e-12 
1.176429e-02 -1.000288e-12 0.000000e+00 2.835827e-12 
1.128613e-02 -9.330720e-13 0.000000e+00 2.748557e-12 
1.080693e-02 -8.683662e-13 0.000000e+00 2.657248e-12 
1.032669e-02 -8.062045e-13 0.000000e+00 2.562082e-12 
9.845399e-03 -7.466061e-13 0.000000e+00 2.463240e-12 
9.363070e-03 -6.895755e-13 0.000000e+00 2.360907e-12 
8.879697e-03 -6.351023e-13 0.000000e+00 2.255269e-12 
8.395280e-03 -5.831620e-13 0.000000e+00 2.146513e-12 
7.909819e-03 -5.337154e-13 0.000000e+00 2.034827e-12 
7.423312e-03 -4.867096e-13 0.000000e+00 1.920399e-12 
6.935760e-03 -4.420779e-13 0.000000e+00 1.803416e-12 
6.447162e-03 -3.997403e-13 0.000000e+00 1.684066e-12 
5.957517e-03 -3.596038e-13 0.000000e+00 1.562533e-12 
5.466826e-03 -3.215628e-13 0.000000e+00 1.439003e-12 
4.975088e-03 -2.854995e-13 0.000000e+00 1.313659e-12 
4.482301e-03 -2.512844e-13 0.000000e+00 1.186683e-12 
3.988467e-03 -2.187768e-13 0.000000e+00 1.058257e-12 
3.493583e-03 -1.878250e-13 0.000000e+00 9.285593e-13 
2.997651e-03 -1.582673e-13 0.000000e+00 7.977713e-13 
2.500669e-03 -1.299322e-13 0.000000e+00 6.660722e-13 
2.002637e-03 -1.026394e-13 0.000000e+00 5.336405e-13 
1.503554e-03 -7.619987e-14 0.000000e+00 4.006520e-13 
1.003421e-03 -5.041715e-14 0.000000e+00 2.672756e-13 
5.022364e-04 -2.508743e-14 0.000000e+00 1.336718e-13 
0.000000e+00 0.000000e+00 0.000000e+00 0.000000e+00 
